4069
1683
3658
1083
5785
1177
3387
3459
5157
5588
4901
2603
3036
7475
7855
2459
1940
5520
702
7170
3016
6687
6767
3689
9938
1340
2938
1634
9602
6370
3047
8847
4463
1477
6263
3731
7815
5276
3102
5818
1236
9675
9969
2954
114
1375
3922
4454
6962
774
8604
7543
1678
7252
2592
5072
4794
5871
2458
579
6579
4820
9416
8167
1636
6089
9677
8406
4797
2472
2809
2816
4593
2350
243
8490
975
1651
1144
731
2899
6905
2528
3164
4657
7955
9328
1615
7126
1320
7721
8003
3887
8335
2120
7065
6033
9319
3009
4424
246
9043
9045
4562
1467
6694
9206
8240
1584
1038
6884
7807
890
1583
8721
2945
8011
7764
8810
8025
6158
6547
8446
1573
7911
5533
610
8664
7140
583
863
1100
1531
3790
4094
8590
3163
97
2152
5722
9000
1364
3707
5970
8046
380
3550
6673
4348
8759
9253
9253
5091
6026
9495
7728
5433
6718
6726
3804
9794
3861
3555
898
5281
6141
5573
2883
3143
6577
3657
9948
3760
3461
9303
5688
1943
7556
4977
4623
6419
5423
6659
3838
6373
3853
3285
2986
1691
8306
8940
6169
926
6650
4863
8222
537
4425
388
3992
8021
290
5393
2100
4664
1668
7274
4805
8068
8017
9920
2173
4438
7183
252
4721
9436
972
5571
6731
2159
3584
2800
5261
3714
7150
8294
7674
7726
4692
2535
339
5236
1097
4582
1334
167
3608
5303
3498
8855
8417
5318
5503
2752
2137
6506
6307
1907
5717
6321
2189
9206
6703
3556
3544
4200
5159
6850
4890
4644
964
1130
3040
2879
7472
1598
6033
2006
4400
8453
2303
1086
8010
6441
5399
4984
2818
93
719
3579
6529
7944
3229
6664
9097
6533
7261
1730
9980
7278
9325
52
8570
7684
7688
3203
553
6483
2162
7556
5916
9512
4521
9031
3447
2811
7928
8244
3439
605
7965
3717
1050
9357
1939
229
3079
654
6240
2237
6788
4055
193
5467
4266
2903
7553
4285
7472
3330
5937
8805
7432
1019
5604
4691
9737
4036
2318
3757
1801
3950
5292
1293
3245
6071
4316
1437
2499
5225
5028
9325
9724
2194
6240
9209
2446
266
9746
2239
1485
3187
8012
8938
6860
4585
2078
4959
3765
4585
7787
6267
7649
5995
7643
8449
933
9388
9806
570
5500
4991
2016
3341
2599
4677
9035
1766
7406
9322
3882
4153
8092
5806
9097
2662
3357
8502
6994
4250
5676
1867
9530
7822
7452
4977
9954
4573
661
3131
7870
8038
3596
6116
9330
9631
3510
8504
7710
1158
4403
6959
1705
1147
2669
3784
8629
8895
5680
6795
2461
8606
8787
4402
3079
8809
6746
8354
2322
4154
3275
6891
332
842
4085
3894
1539
3159
4284
4904
937
3157
2702
8775
7292
9111
9660
8973
8079
6383
9008
6824
8669
2399
6656
8935
6220
2098
6512
7043
1327
8160
3264
1372
1790
6124
7337
2909
7528
5151
1990
5736
2827
301
8724
67
2308
9459
4040
940
3836
8586
7003
8613
9044
2055
9687
6971
9246
6407
2544
5998
5954
6688
2969
3630
8338
795
7664
1323
8194
2643
7275
1419
5293
6887
8023
2273
4417
5418
3348
997
2822
664
3678
5953
3543
6935
5500
8162
5034
6015
4611
9751
7365
3550
5260
4600
5695
9017
8850
3135
7863
7171
6633
4659
9595
8923
8872
4121
7385
2348
3411
2129
6810
7487
9383
9740
9378
6019
2926
1365
8782
3558
2200
2328
8918
4576
1891
8939
430
8587
1432
5975
67
1867
958
7704
3314
3935
8215
8190
6696
5232
2203
4581
7727
2093
2724
7088
1916
2270
7474
8075
1164
9284
3216
6668
1844
9492
6962
1532
4778
9130
6680
8123
2242
1447
397
2927
8507
5708
2950
6479
8439
4876
7827
9612
7418
9235
692
8053
4642
242
3273
7379
3441
2419
5529
9896
3072
5582
9557
4120
1053
6011
1118
9174
7466
1736
2818
6448
8093
406
3269
3245
1122
2238
507
5178
2100
476
8500
9388
9765
8253
2841
4271
6179
9989
9647
3672
8745
5222
9996
3538
4623
143
4703
6818
3621
9126
6667
8008
6910
6168
924
2586
4373
9782
7031
3492
8698
7991
8343
800
921
8109
4572
5486
1668
1315
2748
1346
3624
5147
1993
1523
860
4112
7723
990
7730
1655
1997
7688
2909
1548
3968
6095
8347
698
7031
1328
4010
6317
6041
2567
2892
444
5885
6352
1345
9949
3507
9225
2534
4095
5123
3559
4012
2885
3402
559
2103
7945
2817
2804
6319
1308
8199
9022
3103
5455
678
3049
731
9873
7747
5852
8838
2960
1245
6252
147
8670
5660
5965
5065
4180
7334
1431
5875
9832
4194
9375
8335
9934
2724
4020
1590
792
5477
3958
8864
1367
3012
2617
5326
542
9835
5261
1694
3807
845
7602
603
3959
8915
2397
8926
9586
2250
9340
9289
7475
1222
5271
7722
7553
5707
7583
2677
5592
2973
2464
8594
7241
1744
2676
1695
9869
5700
8868
6434
3711
4087
7559
7595
2286
6239
1484
6503
7508
7167
3277
2691
3953
9068
8003
8916
1221
4129
739
8188
1054
7199
8464
8095
9928
748
3899
6898
7032
6972
2812
3081
7755
1388
3390
36
9434
8617
3851
2498
3354
7103
9033
957
7414
3640
153
1387
3798
351
9819
438
6368
8877
1837
3414
8732
5547
597
1469
1600
7039
8592
809
7474
7047
1592
5729
8564
4462
9571
1570
4821
9593
3902
1154
7050
3877
8142
1315
458
907
5799
6160
5082
2898
8418
9772
4083
5991
272
8257
6734
3353
4897
6460
4611
1793
2112
494
9472
5370
6181
822
788
6176
7600
3517
1027
508
5639
1494
6411
9829
6726
9805
9962
5253
1423
9673
28
3986
4213
5487
8336
2520
7785
5280
683
1489
1462
6553
4191
4093
8796
7228
5262
7873
4236
4925
9001
7445
2957
5764
4546
1736
8006
1653
2370
1781
6013
8415
7035
8091
6561
3291
8713
7704
7419
8577
399
8570
6795
7884
9320
1052
6418
5602
9995
380
4204
9939
7282
3158
1283
2087
9122
4999
3373
2376
661
8736
2620
9790
2792
990
3639
1209
8913
9048
4721
2875
6557
9433
9183
8724
3018
6466
8322
6331
2398
6005
1048
3732
1080
8904
3678
5749
9782
964
7332
3227
85
8268
8671
6636
3237
1248
6244
2375
7212
2107
6536
4487
5528
365
7620
5248
8409
5173
4858
7115
8360
7725
7878
4273
3575
6167
9553
8195
3706
9919
3282
346
5184
29
2454
2370
1773
2931
2673
5346
2880
3130
5260
6319
8838
3228
3554
6860
2032
7075
808
1278
5635
9835
1176
5281
5587
6253
8748
7919
4466
9832
9554
648
7926
6944
597
3737
8224
1670
5119
9025
9154
8937
1042
8143
2289
4466
5154
7311
719
3588
8235
6059
1046
6169
735
7854
8730
816
3687
3665
4429
9018
9701
5173
7075
8890
3654
9353
2264
1967
73
9425
8651
7436
5227
3446
8378
4459
5608
377
8076
7908
7513
3206
1239
2325
8810
5342
9455
6530
4025
8719
7174
4081
3614
1529
7454
8470
8020
4107
2780
386
2770
9641
2880
7289
4487
6585
1810
7068
4318
7263
1660
3976
3854
7306
2747
6146
4643
4262
5964
6619
3360
5877
178
5833
1826
5980
76
6097
9234
4295
554
1081
6734
490
4467
8478
9709
3873
3063
4201
2965
9218
2412
4940
338
4939
1478
4378
6113
5236
8658
8774
6179
7115
2227
1581
8715
7840
2238
7797
241
8094
4805
2067
882
497
9728
3900
1640
2701
29
3797
7696
3862
4415
3775
3429
2385
6928
8703
5599
9642
6088
86
3336
5436
7454
7407
9161
8979
2754
8401
7018
1418
9275
7536
6225
9784
4137
1943
7016
2226
6457
1132
1774
2723
3291
7877
6519
783
8915
2422
1012
8963
5311
1267
3898
4015
337
4711
692
6064
5125
8218
5470
1229
3740
7519
695
5201
5622
6342
5339
2831
7456
8258
3643
3883
3528
6288
7435
1478
1673
3432
5693
7870
2818
2718
9256
7771
7731
3382
870
1466
9234
9705
3733
7193
1207
3563
5556
6516
6007
703
129
6647
8277
5064
2820
2033
8500
7743
4723
2479
752
9315
6285
3086
2572
3594
8532
4256
3258
3830
1739
6674
148
241
8007
4022
3143
1451
342
8865
5174
9658
6900
3435
4612
2796
7786
2134
6048
2053
9853
5126
2428
5356
2002
4180
9378
5540
8035
9803
4972
5130
9221
737
2069
7057
2577
9946
2938
9791
3812
5140
3494
9011
6450
1330
9690
3561
6637
5908
8144
224
1729
3425
2520
1106
2359
1638
4562
4982
3241
1624
688
7683
6671
887
1818
3186
530
5303
7917
9033
2779
4595
8081
4099
9015
4603
629
8753
2885
7560
1560
6768
4938
770
4325
1207
8096
1371
4648
7976
5206
8327
6406
235
6717
2499
2247
6825
1122
2850
9135
5925
6475
9586
8860
8606
9251
7647
1651
7263
6039
1576
717
1266
6370
2766
3696
5309
4289
1288
3909
3391
9673
9374
3643
8528
1886
4742
2009
462
4337
7130
1982
8089
4829
8194
2886
551
5585
1317
5468
9337
6488
8947
6995
3909
7788
6698
1539
1810
9633
5157
8329
7741
7600
9140
2044
2657
1068
6173
2596
6804
9863
6525
1090
1933
9059
3656
7691
7864
627
1701
4423
1588
5643
2560
1821
6835
4392
5328
4410
5181
8988
1876
8709
9734
5162
9990
4260
1414
3575
8722
7119
2591
4085
7780
2728
9858
9753
9385
674
5562
861
1581
8386
407
6349
8305
8826
2079
3649
7068
1381
3790
4470
5805
6759
451
9767
964
8669
9762
6385
3073
7862
4270
8751
9148
4992
9239
5628
7654
2864
9278
6548
1454
8667
181
8767
2018
9168
4749
5242
9068
2431
8215
25
2616
9130
3290
8292
3255
1693
1821
8704
2504
7497
7650
9347
3782
6527
2284
5885
4095
1753
9430
9550
9769
3276
8801
107
8172
8254
5794
6480
7097
1104
7432
3076
1465
1127
609
255
1063
1866
9192
6428
7463
8833
6354
2977
670
7581
5859
5815
5983
7992
1651
5489
3966
6177
3715
9097
4640
101
8018
4456
9615
8962
4802
1359
6061
2497
8891
8214
4743
617
7918
2374
1016
4232
1238
3016
2294
6520
2156
1991
4950
6553
9408
5247
5761
851
4267
5372
982
6711
1846
4512
4243
3839
7929
8265
5562
8552
2450
9125
5394
221
7857
48
9403
656
451
2421
5151
6017
5319
9866
37
155
9799
6162
873
879
4254
4529
1564
7645
3421
1394
7160
811
3518
1082
9635
213
734
4905
4997
9949
1475
8510
5171
6726
9520
869
658
449
5098
4211
1384
165
2429
8853
1688
8525
1018
7975
4072
352
4208
3159
4805
1969
4046
5748
3153
1218
7055
9092
785
321
2431
6617
7555
9807
668
1702
311
6905
9624
2768
5199
444
494
8996
4995
1740
6811
3478
1616
7697
5687
6982
8835
5285
429
1040
7111
3191
9703
9696
5678
7450
3342
5802
2838
8791
4687
2648
9642
7608
7427
2181
5484
4215
5605
5793
1651
7746
4048
9598
1860
7044
660
3952
1169
2538
3756
5876
2925
1478
6941
3587
3789
3051
1867
6502
5212
6149
6950
3898
2543
9781
1252
2948
8023
8334
8018
1057
7677
2123
1669
4169
5878
595
1686
4866
2919
3299
7407
2134
9390
8925
6603
7687
2800
9455
5567
7290
1778
1002
8617
5545
2576
1387
3535
8254
3284
4018
8426
8927
5438
193
9281
2634
9642
432
3644
265
8423
70
4221
2311
8542
8070
6181
2178
5735
6073
555
7193
9506
9412
6024
3150
8369
2537
5918
8910
7928
8432
5636
863
831
7329
1842
2848
7095
7006
2774
2300
9951
713
268
2062
1697
3942
554
1904
4275
1784
9498
4824
9542
3157
493
253
4545
2414
2184
7219
7743
4193
98
7679
3425
2678
6764
8192
4354
5072
2898
3426
1960
1791
613
8268
8181
9890
8989
6032
2495
9953
6038
7970
8875
3999
5331
7511
8185
8026
8365
5865
6554
5319
3536
2586
6141
4819
3894
9747
5748
7381
1882
3371
6180
3268
3789
5026
8117
1325
6453
4947
8167
2765
4235
2980
8480
5610
3931
3191
9157
8474
7281
2651
3621
2341
8745
1091
2341
6284
900
6872
1742
6904
922
6025
3535
4317
6803
3371
7183
8570
4146
162
4607
4710
1260
4660
8933
4341
2189
4561
6529
3259
4113
734
3489
2821
4480
9388
2846
4327
2170
8788
8233
92
5337
9901
8170
2816
8099
2253
286
5541
8364
6328
2882
4810
5032
188
1906
4967
603
2875
1401
9399
7186
2789
2552
7703
4483
4588
6171
460
4987
7859
5985
99
1950
9022
623
7724
8442
7671
9642
8596
8209
6295
9872
3865
8526
3102
1576
6475
7995
3573
7280
9102
4749
4848
1727
978
4618
652
7959
987
3945
6261
8519
2681
3659
295
4683
2954
2691
3011
5218
4018
5505
7842
7174
466
6122
4405
359
8935
1320
6072
4532
7521
4510
7302
397
2765
6252
6698
5795
7649
2901
7835
7536
9296
7876
6274
1701
6116
5058
5833
9253
6149
1581
817
5677
3822
106
1714
2918
1607
2337
2719
2009
4551
3623
7284
2707
2723
7776
7708
4537
6272
3244
1669
3792
8495
8626
7779
2774
9655
2723
7152
861
9722
7892
2482
935
9804
257
4314
1526
7280
6122
6240
50
3594
6282
3927
7561
3316
3460
274
9671
5370
877
540
8833
3070
9692
4362
271
7395
5544
2330
557
6311
4421
8392
733
6846
8401
7296
4678
5747
7634
9936
185
1531
6617
8665
5080
5549
9606
6225
1288
50
1325
6255
5622
840
2764
4064
2554
9777
6255
4007
1778
9799
3763
8948
5292
2771
7798
4399
3611
9713
6919
1851
1391
2180
5416
2044
9908
633
1152
7403
2710
7396
7833
2151
5008
9435
9299
4392
4360
1231
5574
3438
2400
3557
7719
9305
6162
2735
5606
554
6681
3938
5308
2478
2954
9647
4143
6784
1669
413
3731
1722
6248
4703
8105
1847
2206
8116
4302
2747
9485
3717
383
5274
3537
359
1869
8025
9361
3202
2818
7454
1375
8031
766
8571
5895
3896
4417
3296
6272
8917
5295
4874
4730
9469
7158
5988
8769
5626
1039
1176
3445
4327
684
9090
9074
3790
3221
3309
9965
9131
2619
6212
8805
4602
3713
3544
8221
3702
8664
6774
4797
7655
7807
9681
6622
7575
1351
2054
9355
5072
1278
8945
7726
1741
2945
4993
3746
4135
437
830
7450
8122
7755
5128
8189
8986
4262
7518
7585
6631
7658
2003
1235
717
7425
4913
9013
3140
5375
7221
1897
8888
7441
6819
4009
5916
8711
1891
5547
3325
6456
9456
2390
9119
1904
1064
4528
1318
4620
7369
5148
6871
6521
7183
2931
4297
810
1370
4878
1016
6791
5987
570
5179
2369
9945
3014
4570
9840
9560
3307
6378
7043
6829
1193
9085
1681
3525
1754
2931
2661
8795
8412
1074
2738
4104
1841
8753
7388
1023
7759
5344
1582
3523
4139
9437
388
1677
6490
1719
4296
7005
9993
4120
1677
9316
5503
2161
2602
4569
1893
6784
6254
5879
3773
3873
8605
8087
6393
9674
8278
1686
9675
1284
3429
6047
5869
854
8096
4028
9241
3055
9835
4287
6829
250
222
5871
7252
6397
6118
1262
9991
2466
2483
4149
7648
1176
4911
5706
2378
2432
5872
610
9338
8405
6126
4721
5466
4369
5564
3060
820
4671
8281
6091
2092
9611
2876
7451
893
1142
1860
557
2576
5822
7829
1411
9118
9734
3808
1863
3919
2444
525
396
8367
3836
4984
1258
7324
1277
6034
3132
9660
8852
4585
5839
3474
1379
2353
4046
9338
7620
8742
2868
6557
3292
2825
2287
1962
8109
3667
9226
3333
7920
5447
8078
2150
6622
3660
5793
1131
8135
6348
2510
3008
5341
1234
6737
7688
4074
8434
948
8701
3116
4297
8889
6448
4943
2947
6304
7371
7208
8506
7767
5960
4420
2935
5065
5226
8720
7803
5326
4749
7966
8698
1044
8636
9591
9421
4806
691
6081
5391
4731
655
6459
1923
6200
5306
5138
1721
7303
3771
7743
7870
8990
7968
1777
5663
806
4771
9199
8433
9594
8376
1848
2851
2164
6782
276
3153
5780
8542
5149
5715
7615
8800
6446
8876
2124
3269
3724
5825
9671
3962
7534
9017
5889
3282
8707
249
2108
4491
7814
207
7887
5593
1088
3040
3466
7372
8919
852
6734
182
6287
1065
8215
5674
5646
3309
4208
6665
6563
1348
9043
9537
8172
3604
1790
2610
897
2996
3111
4283
8417
8864
4429
6213
3674
2720
5439
5921
521
5751
5763
3896
1163
2430
3258
6578
4706
7783
711
5217
9130
9710
222
5062
3463
267
2649
2848
8100
9910
8916
4560
139
4506
3929
2420
2955
4618
1901
8134
7240
3718
4790
7986
8387
8342
1181
413
4725
7411
2439
6145
7588
8852
7235
8146
466
6884
6007
526
9301
4731
525
5975
7557
7175
1614
1432
4475
3114
905
2290
3957
1785
4327
5457
1318
7877
982
5378
4128
5075
7024
9457
2703
1580
6547
3818
5149
4528
156
5919
6664
5438
8837
1579
6294
2868
2800
27
5595
7354
3980
2005
7673
2805
7203
7522
5864
7593
1871
5225
236
2461
7472
3296
1351
427
4627
305
2762
5712
7258
6070
9313
4866
7779
9216
841
4840
8716
7615
2493
8630
6728
3736
7554
9665
9248
3312
1975
9342
8349
5052
8075
4020
9595
6199
4527
5428
8336
2754
4780
6770
3261
2016
1938
9643
459
7818
4835
3676
9114
4472
834
9615
8823
2578
6677
7283
9698
360
7205
8257
1867
3584
51
391
6549
4019
7078
7254
2224
5343
7135
8438
8165
76
3838
305
602
3393
4742
3913
6249
1644
4761
8348
9202
4063
4904
2023
5965
936
7076
4626
302
8177
3467
1717
800
4361
1621
1328
9900
8990
3364
1183
4138
3063
6072
2781
9896
8770
1808
93
4665
6361
9689
5436
3362
5215
27
3182
9971
828
9624
9246
6200
9980
367
630
8964
9608
5878
479
2317
7772
7350
414
7284
7129
4546
9853
1929
1387
4290
4480
217
5613
7952
1889
9438
6934
359
2564
4613
1140
616
991
6013
5256
5095
9249
3951
4918
9360
8365
1337
4576
2584
5575
1587
1378
3422
3893
2245
3579
1727
9608
857
4147
9436
4327
4404
1556
7245
1830
4102
3251
8170
7513
307
73
1073
4568
1376
2776
343
2266
512
8338
6778
936
7880
5265
229
5200
2168
902
1914
2914
8761
3496
3146
9353
3284
4361
4926
5032
5133
6458
9832
1
504
282
4876
7680
7182
7937
9811
4418
6621
6444
3147
8484
2397
5389
9460
9760
3497
6206
1519
9219
3854
9274
5638
9343
5284
1844
5911
6531
4583
2890
7744
9929
7648
7099
4140
472
2707
9303
8938
4384
3527
3662
3913
8661
1632
2847
964
4640
9684
2385
2118
5056
4294
1724
1087
7391
5738
7926
9673
4960
833
8465
8370
7753
5641
425
4467
9322
4940
789
2062
7520
8755
81
6974
3549
5247
6178
7286
7960
5897
4815
1261
1405
9720
8013
1594
3985
1947
8474
6813
600
8878
8692
7934
6832
1523
6387
4544
1426
8041
6468
290
930
3196
1435
3495
4269
9142
1300
4673
8563
8157
5025
2580
7028
8001
489
2842
8546
459
8223
2369
806
1223
3311
256
1919
3278
5092
5695
7128
8395
7849
8272
508
4763
2605
6648
6520
247
4393
108
6046
2088
5288
5881
8343
1678
1919
8526
2405
5844
5918
9022
2897
9307
7615
9408
4574
7228
8253
6127
8106
556
3275
364
4915
7766
655
8247
2098
6518
1700
7203
8579
1108
1443
4912
7669
8066
9487
9225
3457
4534
132
6169
3827
8276
4116
9837
2521
3131
4505
4878
6816
3264
1159
6687
69
2071
1977
3860
2539
7208
6478
2500
8226
719
9168
7634
4844
2401
3936
4364
2643
4898
1968
5907
5568
9953
7104
6180
7025
4633
1018
436
4890
3734
1057
9891
1749
8030
1818
6267
4432
1857
2755
805
7803
1470
7289
4685
612
3684
6352
2788
8260
2176
671
5599
2884
6805
356
7001
1476
2640
1343
3157
852
4559
8810
7747
801
8320
7262
5724
5787
7266
6276
6048
6940
4402
863
7864
9379
7134
6300
2284
1696
559
6500
9708
2133
7127
7284
9000
3525
2527
7373
9960
6383
4186
3076
2309
6193
4795
2445
7240
8414
7615
258
4315
4969
4467
5095
9135
8226
8310
4273
8880
3784
5042
8912
3106
247
4597
5074
7659
3400
3829
4280
5691
7057
5277
3608
7662
7370
9594
63
2896
2174
7359
575
1919
2099
3743
3017
2190
3700
7260
8178
1161
45
9937
3511
8383
6073
6763
1589
8133
6985
5991
2435
4981
9919
9822
1467
4621
7065
5203
7958
8029
1847
7358
69
3543
339
4835
7964
9276
650
3261
8407
6419
9377
764
3303
8274
4943
9539
2228
8474
1806
2630
7603
6791
160
490
8300
602
7194
2586
874
639
5585
601
6424
6914
6199
9658
5022
6152
7960
6766
3119
7902
119
926
1388
3747
8707
3712
1762
4740
1780
3190
1652
7485
2254
9618
3488
1980
3865
1096
8148
3481
6066
7756
2673
5918
9725
1050
1227
5350
6006
7223
7802
7934
5165
5083
8849
3277
9919
9504
3537
7494
8669
2967
8081
8039
5325
6818
3710
5062
788
9226
6103
4172
8637
5183
4977
2440
3182
6079
7104
9678
8367
3306
7540
8959
3629
1902
7184
3218
7378
8908
4098
7606
3363
407
6659
7553
2052
6835
3821
9650
2289
8151
3497
1625
3131
3572
6528
2553
9162
8814
362
6662
9882
6324
4495
3982
6723
6333
6569
8653
1146
2942
3717
2499
638
7646
2682
6862
8201
4582
3197
766
7164
3468
8152
9278
6535
7936
1585
6149
7993
302
7171
2112
5680
3578
8813
9444
3150
4898
5851
7568
4825
7084
3256
6744
3090
4169
4634
5903
3291
6438
8445
7563
6897
225
8622
1106
6996
6361
5381
3387
3315
1415
9274
6575
5578
1947
8492
738
9529
1781
6804
1659
6040
8628
269
171
241
9724
490
3857
9425
9030
2076
9543
4412
5629
2969
5633
5635
7385
4253
2770
5367
9215
5012
8212
1066
6294
7600
3484
4170
683
3336
26
4889
9440
3166
5066
3113
1948
4902
5796
3017
1854
6491
8064
7879
3983
8341
8283
4467
1093
8204
8819
7506
275
2874
9981
4971
5289
3868
4104
3246
8085
8075
8867
7270
6121
3456
7539
791
5171
6067
6631
6518
4655
7301
520
8784
2140
4485
6327
6588
699
7113
5552
4035
3572
8877
1663
1767
4286
9573
1498
9732
346
5349
2147
488
188
6634
8038
5635
7398
8988
5956
8678
6543
8851
1848
9625
3981
4415
3102
5935
3909
1663
3576
1763
7248
9289
3549
5585
1182
3290
7208
2721
7950
4436
715
9354
667
3668
7431
5961
1328
9326
1683
1035
591
2337
7424
1258
7645
1445
7298
7962
4716
8946
4584
2756
9589
6103
8326
5780
6426
2917
2650
8757
7919
3451
9150
7442
964
7148
6137
1749
958
5451
6730
6653
8065
5849
8294
9936
2675
4695
2778
6182
2831
1339
3907
6111
6740
6205
2045
1924
3483
9577
3935
2660
3089
8943
6014
1687
9472
75
4997
5429
406
895
4973
5737
145
4855
5278
4325
5985
680
5859
2173
5621
3801
7204
8887
8953
4609
5870
4845
8839
3763
8265
5930
1169
9058
1546
6944
4037
55
187
4853
5024
5667
8341
7540
1734
2973
5183
414
3141
9276
5249
2157
5862
5404
5173
4206
8322
6067
1099
3526
5250
3680
2906
3502
2149
3353
2959
3100
9488
5984
8568
8531
2890
7128
4114
690
1631
8712
3848
247
1970
3762
7899
8397
2322
9057
7440
4318
7243
1078
4287
9595
1065
9396
4227
4046
3151
5020
6628
7375
5299
4298
2209
6396
373
7699
2239
6209
1851
2267
7734
371
4879
3426
1296
8840
561
1034
7114
6601
9442
1442
5187
6687
5518
5100
558
9619
6656
3132
9194
6197
4838
1070
3701
4914
7995
6515
3186
3001
4224
4694
5665
5193
5883
6171
6709
7331
9622
4152
6523
1015
4229
7843
6324
2813
7097
2936
546
7431
6534
1904
9549
2562
9915
7970
1596
7115
7775
1281
182
8872
3544
4022
5662
6462
5989
8518
9947
132
4613
7904
1146
8258
818
5690
1005
1623
4447
6927
6801
5082
5010
5780
3425
4087
6305
7396
3310
1291
5839
5867
7013
6290
4972
6873
6286
8056
5073
949
2913
5155
5315
2726
1340
3415
4425
7225
6892
9754
4050
2749
8557
8752
8636
1171
3107
9290
2452
7244
3884
5617
1847
6593
6567
8787
6411
4893
630
5977
8519
2381
4495
5050
1989
3866
8402
8961
8361
5255
6409
2178
9451
6436
6759
961
4250
5347
6830
2131
6891
7966
8629
9359
6975
1917
711
7491
783
9926
9190
8677
4593
202
1475
5557
4834
4701
2220
6922
4259
4710
3120
4516
444
2076
1936
5550
3151
786
2458
838
4046
2233
3650
2545
91
8388
9840
7790
4854
5861
562
7853
9168
7935
2603
3750
8687
9398
1433
8604
2571
8514
1312
8474
6442
2150
7941
8812
9704
5190
2335
4451
6319
8505
8920
8588
1472
9960
3440
9841
3321
703
1604
4827
7399
8010
9987
4998
6039
7698
4692
1869
9598
9666
1591
8166
3811
6801
7675
6854
6604
9419
5551
8381
4429
8707
2238
2059
2216
6244
6735
7477
5330
2387
6968
1594
9064
4421
8190
1259
9682
4244
5775
8833
5904
4359
7763
877
7691
4385
7199
7799
5850
5351
3442
1117
3622
3161
6135
9533
8532
8150
4635
878
1427
7362
2469
5673
3293
3824
6114
7165
8480
3754
9708
804
8059
5641
4029
3878
3911
3781
4667
6544
4436
7768
1771
7960
1507
2615
9244
2953
4982
1395
1780
1762
2214
8587
6978
4966
4006
3989
527
3750
4348
2942
1215
1974
6855
3652
6544
4358
5562
4521
8938
9827
9744
6929
1745
4212
8449
8002
6161
1137
3541
3762
6887
9891
1774
5598
6892
9558
7814
7862
640
3457
8329
7407
409
9620
5967
1150
5146
5241
5218
8286
5290
4854
5749
3789
8609
7097
2402
8891
3206
5860
9440
2001
6011
9288
8317
5087
2247
549
6545
6750
5113
3844
2912
1846
2405
6750
6728
839
3525
9059
7215
3028
6750
3830
6676
6132
2011
2186
9950
6817
5079
9835
105
7351
1343
8609
3751
1400
1678
8147
6397
2338
8893
5820
2111
5158
9710
9243
553
3885
123
9238
6834
962
3307
4292
869
5711
3235
3566
6221
7294
8056
9870
4697
3647
1028
835
7307
7007
3393
9483
7688
6146
9191
674
2868
9956
3141
1654
5643
3331
6332
466
5279
2734
6974
4213
1231
2481
4647
6759
6154
1253
146
3823
7376
8632
5621
702
7262
994
8368
9217
7441
3433
8087
4542
5023
8894
3752
7723
6659
5431
1377
7889
2363
1910
9457
1902
4738
9219
337
1292
2374
3297
2237
5731
1318
4720
7530
7447
3602
3624
9318
8546
2928
1872
2237
2587
672
7078
7441
5277
5819
1365
7598
5566
3099
3195
7028
8726
4780
6101
9091
3069
8845
2704
3923
6855
3236
7439
858
938
1971
1742
5190
2708
2320
5927
4312
2246
8750
6164
9627
4589
4165
1722
2592
1910
8380
3326
9101
998
4760
7599
1979
305
8306
106
3373
7629
7363
7858
6720
6963
3604
1744
2694
1782
7198
6549
4564
1744
5929
2697
4594
7869
2569
5399
3680
8061
6441
8885
6959
266
7710
2412
1788
5957
5961
9995
3043
5552
961
7127
1237
8430
1264
3761
117
6682
6222
7736
2537
3285
237
5325
926
7022
2397
371
3714
4438
7295
4220
3277
993
7019
4869
8443
2925
176
4613
3193
3182
8521
6526
4069
4239
2054
2904
3620
8738
4864
3539
4650
3674
7834
2731
3014
1434
5540
1387
4706
7083
2819
9885
6995
7574
5623
423
852
2303
3786
7690
4486
8716
5681
9278
3065
9001
4217
724
5402
6417
3132
5247
8786
5888
2792
871
5535
1893
3244
7249
9151
4387
5788
8555
785
9190
8939
5132
4264
3003
1582
3142
3753
8473
9734
9599
9178
964
5976
6029
9948
3422
2754
5935
9868
3215
3387
3641
8790
1457
7435
3093
8918
3733
7077
561
9462
7491
16
5073
7053
914
845
1627
6998
9700
9571
214
324
1316
9372
6386
6427
849
6521
8021
4832
2726
8952
3696
8922
5487
647
6838
8347
1329
3985
2284
3200
6742
5947
9001
9670
9104
8995
7603
854
7505
3978
5667
1861
123
3009
5836
9335
6075
8234
276
8213
359
5536
2726
3031
35
8238
3519
4479
1455
3432
1885
8412
4496
3433
9477
7376
6399
4996
4356
6127
6454
8445
2937
3068
8772
5320
38
8359
8935
2308
2697
1275
6248
7829
7855
3009
8005
6112
5091
2560
77
363
5823
647
978
3119
6039
5766
1572
5806
6470
4908
6360
4195
7065
5189
6005
2476
4513
9342
5566
2438
5635
8665
3114
2076
5921
2053
3394
2428
5646
3936
9544
8729
329
1993
3840
6979
6237
3711
8426
2102
9138
6372
1183
8423
333
5569
3438
3048
3924
6845
8886
2057
3360
23
4651
3075
9098
6625
9501
4859
1329
2528
9859
4462
9585
7682
3758
9326
6918
3331
4797
2566
1105
469
6271
5971
2059
6480
7606
2864
1854
6738
6119
7062
3109
5009
9842
8326
6919
7130
4552
4646
971
6869
9435
6505
5934
9901
9350
2236
2995
7967
4772
5333
2457
2019
2705
2415
8380
1614
6712
7723
2493
78
3683
4234
8016
4355
1653
9713
9573
8323
7232
8187
2353
7441
241
1210
399
3187
8562
9750
6087
1679
1439
4340
193
3080
1943
9043
3502
8962
5798
3789
6442
7339
6962
1730
9127
57
130
4964
9553
7760
8317
5640
6949
9517
3029
1867
6331
8222
3002
2185
9775
1210
368
1007
3101
4845
8527
6055
7033
421
1143
5291
7201
6810
7095
563
8362
4142
9100
6222
1962
3796
6477
7197
5610
8201
7253
7141
3386
2311
7296
2499
4371
2284
9167
6480
277
4186
1539
483
8507
7139
900
7894
4205
7283
3513
6636
9724
941
7024
4875
4752
6831
3473
4632
2537
2744
4458
6776
2711
5863
9569
7682
5299
9631
6007
3753
4740
7184
8958
8085
8196
2
2872
2333
9623
7662
3310
7864
9739
4942
7469
5823
9513
4351
5363
7236
5760
3973
9874
8251
3182
4008
9962
1234
8086
6127
4667
2928
2738
6909
4108
8736
6784
854
6048
5775
358
1357
8758
171
3439
6610
3310
272
2508
6850
6358
8485
7417
3346
9256
1761
8433
9496
8070
8343
268
3685
5737
1832
6809
9858
3150
4486
6176
5742
1989
6715
9129
3678
4608
3988
970
4636
8270
6650
1871
977
3328
9293
9188
2766
6834
5004
2365
1284
8025
9865
7793
4306
6561
4457
3384
7981
6539
5198
4969
2544
9807
3494
1919
1076
5795
7250
3741
5514
8275
5206
9954
9319
6166
613
631
7889
9589
6650
397
1055
9398
4681
7129
3141
1876
3389
8457
2381
1253
9172
3741
3510
4933
339
9789
1165
7046
4478
1732
6693
6729
2944
8963
8765
1327
2007
5357
776
5007
9774
9214
2141
9687
1822
9446
4238
8368
2435
4629
1304
6405
2400
4656
6656
9106
3011
8784
5720
615
5567
1453
9344
983
1378
5396
2633
7542
2696
3331
6119
62
3327
2942
8950
418
750
2259
2022
6615
6205
1297
9555
18
8820
3810
9378
7746
4620
4947
3660
6187
6427
3318
6592
6402
7102
8236
3556
1877
8312
1051
8283
370
780
435
4630
3672
1187
6428
6854
3339
8963
6970
3280
5600
2066
7017
7580
2713
1643
1770
8915
1404
7324
6497
1434
519
1272
6392
1573
8671
5401
7971
8223
2505
8729
5022
3400
2276
2310
441
3811
1093
2028
7952
2276
5697
4535
6803
2682
4246
6381
2928
1788
7504
5000
21
8431
7208
2976
3126
7422
8607
5728
2164
326
8662
1236
8890
9513
8050
9394
9609
1185
5717
5943
698
8859
139
5689
2924
3732
412
3910
1199
3456
3403
4610
4797
9690
6148
2436
2058
9084
3442
7251
3033
1674
2193
2256
2377
5753
605
1814
2245
5975
2289
8561
1507
559
2069
9523
9536
2998
3433
6211
6164
6067
7726
4832
1479
8592
7044
3370
2679
7428
1774
739
5854
9357
4095
6848
5122
9208
8283
1325
697
238
6388
8854
2652
4388
5246
5656
6003
4192
8479
9131
3250
5946
1416
8180
1035
1736
4027
2853
2186
1604
1656
153
6026
5653
1738
3770
8293
6457
1197
9794
9694
1292
3962
7461
134
3041
4810
8243
1061
191
9127
8320
1805
234
8106
9013
7494
7747
4191
9178
5962
2792
3852
1562
1070
6090
4860
191
5314
2580
1259
5089
7414
9408
8320
3450
4123
1739
1217
349
1967
3344
4195
2137
3187
2722
6100
487
8326
6848
4874
5876
9166
6191
6474
7423
7358
2221
7075
4276
3246
1115
3329
4669
954
5648
1581
2140
231
2863
4845
2847
7095
1153
5886
1059
6655
4742
6773
7000
1105
1397
7696
3021
8520
996
7716
3715
7403
7917
474
2174
2759
3231
5932
1431
3392
7207
8740
5059
4982
5130
1112
6247
6280
169
1884
3656
1704
6123
4572
9718
7435
854
1249
1511
7175
7599
4407
1156
8376
9470
6368
8945
1068
4221
767
5533
324
9860
4462
3098
2831
5301
4755
9862
8794
512
1580
6863
4130
38
7135
3190
4151
1807
3169
5525
9511
2368
3602
3929
7124
3554
2763
6137
8569
1381
6836
409
6249
203
2369
6355
4997
2034
4195
3384
7151
959
9619
8571
3362
1208
2702
9382
8957
4207
2884
5083
8506
8342
5267
354
5333
9374
6429
3576
4371
5937
9012
8741
8792
2196
3512
8659
3488
4432
2413
6327
2429
1760
9748
4309
5735
1624
10000
259
9423
3340
1967
360
4037
3352
2330
354
9416
8916
1149
6469
6469
6230
7706
5939
4887
1877
1674
7217
276
6835
8998
2464
3359
6433
8207
1571
67
302
794
8080
4779
6028
6615
8039
6867
7930
1533
4411
4691
6076
413
3380
6874
1948
266
7733
4472
9581
6857
5936
9227
2135
5667
1690
7943
1288
4049
3951
9249
5467
7935
8352
7527
9401
1648
2739
4326
7067
5047
1994
9968
2854
4625
2060
2915
3617
2627
4838
3798
3108
5464
2477
3145
7561
1606
4850
6430
973
5209
2391
8386
557
4049
9430
1547
3644
7383
1761
8200
6498
2140
7971
3925
6729
4572
1708
371
5152
9722
5733
8686
6397
3855
9019
7470
8540
5611
8729
1648
4153
1412
7509
3661
7958
5702
1595
9677
6669
1296
5500
8212
220
4366
1750
6367
5152
193
4829
4188
617
9331
5406
6082
3505
2999
6978
6220
7803
9989
5541
763
8114
4497
542
2372
79
9542
4484
4850
1590
2744
6419
7847
2108
9191
8528
746
8206
5198
7865
4950
6224
4820
8894
5025
6938
4460
92
294
4841
8441
4666
9867
5684
7318
5727
6546
7532
3465
4037
5688
1043
8347
7369
8821
58
1744
4616
1609
1550
2827
1569
7818
4663
7338
4482
2365
5470
1833
885
5041
8927
3923
9043
2188
6236
5948
5054
6008
2708
9086
6401
9445
745
4554
5894
1027
5230
2158
1176
9779
132
3975
1601
9555
8335
4759
9079
9565
939
2910
6871
9944
339
1237
1352
6462
7597
6573
419
6730
8446
5869
4838
7997
6761
8617
1500
5977
212
7569
5155
7880
8995
4080
2755
9409
8603
5819
9559
9341
703
4072
8797
6248
2248
7139
1528
4973
1230
2251
7940
8681
6576
7081
6139
1612
255
5435
8718
7451
3344
637
3330
9015
660
8737
7353
9962
966
5589
1730
6295
6443
8275
7078
2407
4642
3870
9022
9426
4457
2703
4061
5058
483
4233
4071
4910
230
1268
9812
6107
3189
3334
5157
5024
8403
7859
8139
4869
9190
6489
6961
3405
1515
3830
117
7410
5419
5000
8455
9100
183
3533
6683
6998
131
2287
9060
3269
6069
4294
5818
458
5828
4263
1012
5468
2870
8865
5985
4141
1431
2644
3445
9
3476
1727
8436
8909
8638
2791
5092
6685
1568
5725
2059
4358
7495
6407
7590
2071
7873
1657
4673
5964
8562
7389
1494
9872
6027
8971
4569
1181
6356
7768
8344
2263
3045
5110
9235
7791
244
2818
2810
6121
3956
7728
5784
7973
1720
4238
9351
6823
6482
3378
9520
2277
7665
3725
6310
7281
4181
5642
5980
2647
6260
1985
712
799
8857
381
1492
5151
159
4004
8641
5487
2874
2297
8616
6857
4685
3125
1184
1405
2452
2618
5407
6052
3877
6690
1610
3083
516
692
2784
4643
1518
9509
3521
6333
7295
8888
3707
8677
7746
1569
4074
43
3967
5610
1255
4373
6487
4080
8687
7907
6303
3183
4235
5260
2887
7983
2498
9880
8812
1122
2435
9468
3562
9622
5665
9711
4490
8443
825
4496
6216
8875
8703
8333
6442
7965
5978
1759
4574
5626
3132
937
8713
6094
2257
8787
3641
2053
112
8786
9819
6346
2759
5615
9546
7286
5320
3863
9559
6109
4803
3461
9851
6397
908
7272
2589
633
7601
7850
2290
7226
6965
2570
9583
9647
5632
3516
6213
5441
4173
6736
4096
4410
5180
6423
71
1751
2382
8097
2987
9664
3809
5752
3043
3473
8868
655
6105
5567
9062
5562
5815
5834
5704
9291
4831
9885
164
1652
3213
4887
511
5910
1498
7452
4882
2071
6891
5840
1838
3213
4365
5582
1951
409
9682
8732
8097
7873
9757
8412
9707
3627
2689
7793
672
3388
5574
4645
7326
528
1174
4990
8890
7793
3199
7309
4153
7216
6935
231
972
9713
10000
1502
8438
8138
2079
82
9702
1371
9792
8010
4823
4474
9280
2658
8483
9990
9888
2318
1339
6664
3025
6670
5236
506
5938
1633
378
4742
1390
2674
3207
2426
1950
1994
8508
6365
8392
1489
7458
9977
3615
231
8063
433
232
2051
3583
6292
7460
6230
4164
6025
9124
2562
9585
1635
8336
1325
9969
7949
7796
3192
1680
4329
1225
9925
5998
1095
3203
5431
10
4787
5814
338
442
9647
371
3802
915
5441
2675
1964
167
9351
1422
4533
4398
5384
8465
3073
6491
6694
423
551
6495
6216
371
7124
5472
1809
8750
8231
7983
3808
1815
239
7051
6655
8764
3133
1835
9211
8538
6521
9384
8889
7429
2413
7766
2627
665
352
859
3283
4390
1518
6214
2032
9106
7204
481
9630
2473
5927
9621
5651
41
7584
315
4025
6112
9127
2686
5247
423
2771
1069
9205
3930
6199
3327
3400
9467
3905
7272
8447
7599
3973
795
362
1659
6472
8998
4000
7915
5245
8449
4453
1752
2164
4783
7864
8000
4806
3064
7640
4777
1337
9029
2772
6954
8633
7221
799
8491
4337
1223
7461
1584
3380
3546
4058
1074
3550
6311
54
3617
9820
2792
6494
1142
2674
5007
9802
5109
4270
7639
2670
6708
7617
2798
6759
6967
1748
2168
8920
2462
3828
4528
8853
4606
5665
8372
2187
6546
4569
8539
5968
5684
5896
9593
4376
1093
252
7533
7639
6302
3704
5220
1545
6114
7648
2892
6468
571
1446
6657
8329
6100
8705
4293
5771
2497
5794
7444
1029
4934
9770
819
110
1448
3438
6887
2338
631
7042
1877
7813
9269
7323
8278
6602
6294
1500
5043
8553
5721
4716
6309
1847
485
4993
597
3697
4405
156
467
9170
9844
2592
8495
6849
1103
7522
1652
8989
8949
3545
5455
2530
8559
3223
744
7558
1485
8218
3638
7935
4181
9739
8628
3287
4143
8373
1095
737
379
9625
750
9972
2027
886
4091
3735
8558
1540
9462
8088
3351
5383
1301
453
8561
1241
7484
1278
3804
2538
1399
4553
3631
7607
5060
5064
2428
7844
7123
825
4546
1734
9046
5338
5844
8568
6994
7358
3121
3112
8178
5011
8637
7181
6948
83
5091
5673
6705
72
7379
417
766
7921
2078
2998
5054
6288
4030
5519
9151
2404
8947
7973
5739
3867
8935
5895
6779
5846
3038
833
2147
6353
1576
7031
305
3270
6653
3533
9202
9721
7755
8114
9974
3999
10
3424
2488
4941
6292
3355
3052
7194
3082
3000
6733
5319
9140
7687
8429
7787
4847
4137
4765
396
178
4386
7245
5719
9368
6843
1687
715
5142
9315
1940
8666
3635
3060
2751
2744
5632
5042
7439
2443
3817
8850
9450
788
6888
6272
2680
969
2437
5176
1560
9341
9652
1573
800
2388
2054
8315
5522
2615
1783
6444
2782
225
8135
578
662
6208
7587
2809
9674
9865
9534
4300
9534
3309
4459
3292
226
7700
9148
3004
6245
2333
744
23
666
3533
1658
5630
838
3408
9971
5668
1986
7935
5059
5109
4681
1647
4390
7281
5137
5063
7848
2179
9823
9855
4533
1306
8590
6320
4347
3417
4922
403
1821
8122
5749
1221
6726
4975
5945
8590
537
817
5890
1407
9118
7737
4332
7612
9338
4544
2705
9702
6793
4151
7420
3898
6580
3284
2127
2299
5660
2061
6111
916
4318
9245
5077
9876
7845
7034
6695
785
7456
4323
8859
2672
2307
2636
1692
99
2910
6629
7022
5968
6149
6849
7035
597
6613
684
1133
3312
4243
5510
3343
603
8704
4270
432
2629
4555
4488
1039
5300
3253
9438
6019
3283
2650
7642
3405
1080
3030
3420
2733
3540
3794
1192
6513
133
251
9997
6045
2170
180
7355
3089
1882
5979
4991
1179
8463
3150
9333
9183
8937
9713
5775
8042
6297
2321
669
9343
4203
8141
5388
9297
1506
8056
5817
8654
4580
6240
9053
3362
2067
2561
6287
6245
9968
5618
9434
9410
5654
3974
7474
8739
4183
7848
1394
5044
1700
7458
3936
9164
8174
7007
6895
1630
5377
1860
2488
589
3596
2480
3848
5258
3857
3290
921
2895
8011
405
7915
400
47
3341
7428
2963
8203
4601
9982
9916
3222
6790
7341
7872
1457
2476
6345
2929
9189
4775
337
4531
3540
3418
1363
4868
9120
9196
7968
8235
8445
6121
5866
8905
4306
2532
1592
7346
5378
6975
3306
3929
6747
6645
3454
8955
3687
1453
4124
6379
8298
9515
6938
6420
2104
5073
6225
3379
7349
9166
1078
3096
3377
3492
3430
1813
967
2035
9407
6786
7476
4574
5720
8906
5238
1334
581
2747
1021
5345
4418
6663
4075
2088
8740
8820
2283
8836
630
6610
7514
1874
8583
3714
1582
8010
2001
2921
4739
6536
444
3061
6786
1896
2474
6891
9409
9853
4801
2587
5534
8857
2782
6342
3163
2738
2872
4988
8
5488
6267
8676
8615
6307
4770
5471
1547
6358
7551
9521
6258
7266
68
5137
3795
2974
1033
1207
6387
4200
3133
9635
7335
6759
2395
3586
360
8718
8714
8502
9571
3581
1225
6091
1974
3541
3896
2711
6910
673
3704
2758
7522
3105
5256
4125
26
3839
7022
2194
901
3970
4986
7217
7425
6258
2040
4709
9478
2181
5592
6760
8996
8988
7357
3438
2337
7963
4441
2403
7860
3285
2131
7626
3697
7627
8573
1770
8369
3294
8
4783
8599
6994
2335
6306
4710
3611
7506
1310
1241
2750
7168
7903
3036
5579
7817
238
5637
9964
9504
3331
949
8598
6591
1758
6334
8966
5611
172
8313
7962
8545
8554
6974
6527
3987
228
7824
1008
1350
4697
6597
9692
7156
5077
4249
7970
4262
9559
6923
238
6988
3872
4589
2853
9686
5417
7390
3592
8179
4884
7330
2101
8149
136
2655
7126
78
3070
2457
9120
2488
219
3864
4416
677
3464
9197
7210
6986
3436
4830
5662
692
390
7531
2227
2522
2226
6577
8290
16
4601
7903
7033
9094
6804
2479
5741
8408
9525
2970
7938
3845
9336
535
382
1830
4136
5841
8533
4003
807
506
6018
3722
2881
7613
2458
3677
4386
2478
6098
4224
5360
9339
6980
1979
3044
5123
3915
7626
3988
7441
8198
7307
6154
7204
4156
9751
7866
5832
6564
2549
4707
2475
8295
4162
9380
2773
7376
8397
7966
4647
465
2071
1043
6209
5807
8418
7459
3098
2272
7953
3790
1772
1914
5605
841
1378
9820
2827
6017
3012
9971
7020
5588
2632
8155
9448
8024
8011
9680
1064
9972
1044
9133
5145
6721
6233
4831
6717
3962
7896
294
5056
5101
595
4269
1573
5765
3369
4211
9118
618
1373
8919
305
9634
7319
8573
7897
5086
3124
2798
4762
3332
5824
1574
2585
3482
3389
4453
9583
1237
5898
3237
1128
36
1724
4634
5806
3050
4921
1187
755
4941
805
5893
5442
6176
7757
6796
1773
9959
2273
2579
8913
121
5724
73
90
7557
1675
7423
1006
3312
5418
6721
4667
8418
2819
1123
4872
2185
6305
4861
4805
1435
298
2290
1616
5393
1787
9578
3871
3502
3178
6002
5918
2601
2316
7314
4594
9431
8575
3169
1817
1357
4292
557
4512
3632
2284
5221
2845
8254
8834
1054
966
203
5589
932
7638
8584
9975
4229
6465
4168
8118
4989
6179
4138
3710
640
970
1912
977
4067
7447
1337
5912
273
5534
9718
455
5427
4295
1464
8663
5099
4191
9000
579
8032
1225
5216
4942
8367
1595
4712
1968
856
5073
4049
7993
2596
5842
457
2543
7824
1888
6412
4196
3684
6663
3113
573
7148
875
1959
3396
8780
1779
776
8422
9884
7396
5213
5268
6288
7280
799
2185
2960
4124
3075
4576
928
8324
6808
839
2445
9061
5786
1461
7793
3187
6092
1055
5950
1809
700
8163
8001
9193
7773
2637
8685
4673
1454
5093
4199
3156
5424
6402
3700
2333
6945
263
5754
479
1176
9796
7065
3529
2489
1446
882
2749
4916
7652
4365
3476
8590
336
4120
8204
4041
7174
6219
2683
9453
6849
5010
4003
6205
3471
6264
8160
8608
9496
1122
618
2728
3979
130
3926
3362
3601
694
1568
6232
1993
1691
7186
498
2572
6530
9894
981
6368
1223
5501
9456
8125
6458
4955
9
4916
5734
3809
8017
2451
7153
2448
5042
9769
4763
5149
799
2697
7051
2321
5878
4018
9096
2617
3377
6594
2926
6797
89
2508
5273
7205
6300
9627
6111
9311
4141
4895
9930
5474
7209
6590
3232
7930
1032
4495
3848
4274
1516
9116
2013
9955
6445
283
6980
8025
5668
1073
1334
1600
6749
8455
7466
7557
2688
169
2133
5382
6762
8929
6124
1354
5139
9986
7671
4627
2913
590
6095
1373
5906
7630
8376
7812
5588
9702
2380
5366
7524
6928
580
5499
4956
3793
7280
7145
2190
7769
5083
6281
1643
7043
2780
1736
4842
5643
5778
1272
6473
2878
1810
3504
322
9399
8759
4799
2237
2178
4698
433
2889
28
5954
7750
9930
7102
7895
1676
6077
3522
1866
7260
2424
2898
9546
5640
5699
9275
226
8019
1914
2878
8008
2243
7749
2075
4828
2522
8968
6297
6264
2774
9997
4996
7175
5592
4842
3213
8673
5229
1985
8808
263
8343
589
6803
8052
8578
4919
3167
1385
3618
8043
6252
7011
6034
9981
2284
9728
150
4862
3377
3157
6000
7226
9097
5389
2888
416
9436
2584
420
328
5083
4967
7374
8606
2611
2818
1592
5324
9043
3832
8202
6378
9658
4138
5502
8292
1107
9054
4638
3006
8969
2037
2202
4734
2220
9545
7209
2898
2232
2882
3148
1718
918
6178
5089
1127
5020
2058
162
3036
5519
7083
2118
669
1871
9351
7900
46
2533
2072
9038
1333
8439
9944
7756
1553
686
3574
6644
4690
1660
8097
6157
2154
6649
8146
3534
7443
1380
8943
1121
3507
1913
4311
2606
5899
2900
4462
7074
6415
1
9624
3595
8099
3052
429
2080
1892
6798
9684
9127
7
6826
4212
2740
7981
2167
4751
878
6768
3956
191
4539
3663
3753
338
7453
368
3953
1570
3822
3356
7372
9565
6658
6494
5698
3848
3156
2341
1719
160
3981
7194
9296
8323
5548
8768
9714
4825
9990
9408
6242
1408
8368
324
4894
5308
8758
1916
3324
375
3206
7903
5771
9547
3618
9629
2348
1759
4836
688
8522
312
4012
2235
6371
8887
530
4299
3703
3626
9847
8986
130
2769
7287
1138
7556
8590
2639
7124
2464
8256
3117
2008
8929
811
7048
768
2556
6645
3069
7635
9236
6228
4241
5984
242
2265
4489
8462
6811
4983
349
7551
749
3346
1736
907
9132
120
2171
3698
5518
1872
8825
9680
6049
8413
7958
9621
4662
8642
708
9610
8834
2842
6500
1843
4234
700
8969
489
8791
6388
180
884
8308
2955
6683
1781
8815
7261
8408
3183
5191
8431
6326
3120
7686
899
6949
4441
1277
7528
8546
3743
484
2489
8137
8735
1054
7712
2196
7538
9947
9882
8693
5786
9332
398
8746
2772
3097
5535
2375
5380
8642
2547
7936
1601
6230
4624
5476
8962
6356
7951
2995
9570
4802
5615
1601
7796
1994
3841
1981
1896
2611
3865
4685
1667
7139
8390
9540
53
7507
5270
1424
249
2316
1103
3637
1760
4395
2231
6679
959
309
150
9901
548
7761
9706
9836
1913
3660
1847
1587
3565
3542
280
4072
8221
5876
7023
3218
3413
5649
7961
2344
6935
6661
1305
6220
8227
7031
681
6322
4803
7516
7008
1232
7597
2807
4485
7257
7197
568
1698
99
5351
4464
465
8739
5335
2617
7785
2663
729
5608
4917
6329
8550
9850
9637
6729
748
8869
4093
4680
237
6130
1012
575
9613
7490
8595
9422
4004
5750
2600
1122
4370
8921
7471
9591
2073
9495
9930
1919
7682
7540
1495
6809
5871
4843
3461
4170
5455
8395
9322
2435
7847
4194
4005
6458
5794
5824
1755
146
5514
2931
4165
1693
4875
7144
2707
8647
4089
2958
3153
8402
6474
3227
858
4186
5123
2113
1368
5945
4880
2829
9083
7009
8028
3333
7573
812
967
6630
2503
3171
9550
3987
1405
5287
8335
3584
7292
749
7506
3974
7356
6741
4746
7274
5378
9508
2785
8645
1920
2487
5858
4286
2461
7069
4580
4143
7914
1520
4729
6782
3984
2998
5502
8387
6321
4231
2934
2759
1787
4754
6815
7613
7472
1058
8266
8369
7314
319
9800
3633
8787
7861
7037
5611
2409
1651
4259
6878
7160
1553
3870
1284
6375
2791
8580
7748
8776
5617
4322
4578
1364
6567
7245
6086
4421
592
7921
625
8130
1499
4713
6134
2540
9231
8268
1832
2464
2195
3906
5723
4019
8831
5927
6589
5105
5267
2557
7747
8412
9659
2216
6915
7949
3025
6316
1933
2349
6932
6621
4373
1255
6135
3100
5587
8224
8533
2065
8911
6444
6814
9364
2557
9832
3654
202
9601
3113
5576
1748
1888
8633
9442
840
6655
2137
3879
8010
1358
866
1987
347
7667
5419
3721
1707
7327
8477
11
4943
5421
6162
105
678
5180
283
6748
1089
9050
5844
9905
4933
1140
323
3911
573
8119
992
1358
2159
2890
5633
2657
7251
2536
520
2310
1452
7558
8168
4685
7835
7383
76
4565
2005
8292
676
3777
2131
7380
6811
2040
2155
6342
8545
1752
7265
4812
8741
7842
9225
2089
3145
6911
1900
5814
1030
5183
9531
2763
6728
6628
2534
2532
9480
2069
3596
2925
6588
7514
1493
3247
7308
7348
1305
6962
6321
8738
123
6814
429
2845
1081
7640
8616
2257
2558
712
2775
5174
9594
1884
3902
381
7899
8922
6111
2342
7976
1037
8136
1094
9392
5486
1204
2270
9523
1679
6839
4505
653
3691
9838
9173
7863
2059
7747
430
7578
6233
4567
4455
1057
1755
2030
4593
7383
9462
7250
4024
659
1914
6757
4450
5650
4890
3197
4181
9680
8436
9981
2265
7532
2893
5075
7452
4655
9033
3253
1712
5621
648
9272
2301
8079
3490
6436
1523
5864
3536
8247
3024
7290
5235
588
8344
9026
1574
7159
252
8928
8178
5836
6985
8590
266
3675
635
1355
1836
8747
2808
2423
8145
2489
771
9813
3167
5528
4191
926
6979
8921
2655
6605
4799
7592
4455
5621
8722
5957
8785
744
2532
915
9644
426
5533
4565
912
6196
5551
1682
7170
857
4046
6357
4132
454
3430
9879
3522
9851
6127
1896
3198
1309
9786
5643
8221
9773
9853
5159
9012
5265
6270
9664
5510
9095
1858
7082
9322
2518
9972
8663
7639
9450
7917
8843
5487
5628
4798
7817
7034
3890
5402
21
7869
3838
1995
8229
4004
1442
4423
8831
6888
4854
123
7047
8689
7363
329
7692
8121
3917
3841
356
888
2825
4954
504
901
577
1483
7596
7580
5460
2270
5781
9158
1434
4470
3915
6506
9353
8264
3028
9622
8001
5132
4155
5370
1857
9806
4126
6395
6928
9571
9540
1172
6295
7526
7692
7514
6889
8612
1933
1331
5476
3268
4629
7917
9634
4205
9132
1112
4024
2093
2665
71
7394
6226
2111
239
3514
6214
6733
4184
9417
1535
4885
1531
8132
5609
4332
7598
327
6063
4232
1565
6446
8718
4706
6449
1727
3998
9856
8708
4963
9083
7797
7012
2363
4455
1118
2819
2665
1020
3131
4882
1479
3749
2491
4503
4439
4561
5927
1754
3932
440
574
395
5062
1167
7606
7257
3998
3392
971
788
7098
6316
6705
3593
8233
1220
6286
8879
6203
2680
1567
6463
7641
7803
8048
2522
4686
2927
9394
8528
5530
375
7007
9487
9521
5858
9116
5164
1228
2163
8573
2896
5831
6923
7651
6923
5883
1300
7336
7999
3009
1867
8309
7559
2702
8304
102
5595
1753
2187
1702
2140
5611
9308
2440
9884
5012
8178
8102
6884
1122
2396
1307
583
2340
4241
1772
6447
2927
3991
4652
2649
9127
7650
6539
9530
9149
8435
4990
297
5178
5272
6472
7402
7472
6133
1883
1252
9372
9137
721
3813
4899
6502
7028
7424
9696
596
9182
6807
5889
2641
8753
956
7010
327
8548
132
5808
1606
8083
7348
5084
4929
9545
5161
5631
2869
2647
5133
6392
2259
5763
4795
4529
792
5306
452
9983
1031
8103
2227
2523
6092
1470
6484
3588
154
5049
7160
3264
8022
6556
5715
5984
4728
7590
5545
2333
5135
5566
2411
9080
7001
6671
5919
1926
2326
3150
5874
1070
4991
9071
8462
1302
4510
8055
597
2058
8303
8042
1525
9864
5103
3778
8170
3213
4274
4817
2004
5635
3646
3950
8396
8280
6305
3661
647
9594
2247
4746
1363
4772
2503
2266
1016
1398
5178
5711
2914
5483
5673
2209
8396
9136
469
609
1872
5290
2234
1401
3054
2582
1
7779
6090
6073
400
8971
4677
1603
9366
3617
272
1156
631
8944
1482
8641
17
7187
661
5417
5273
4642
8431
8884
9931
14
2477
4186
7754
4185
3148
6697
1525
6756
531
2112
1761
3424
2458
2685
5992
6133
5456
9001
4447
6328
2355
5622
1588
5545
2815
1984
1787
7680
5276
4350
2466
7194
5511
375
4094
9466
3740
71
1017
6681
4899
6148
6411
6724
4888
654
8647
2974
9009
6797
8086
7424
278
2445
6897
4103
3305
8616
5774
7288
4907
6941
2292
2481
7991
7120
6143
4671
9802
6472
1562
1001
3805
7550
5610
5879
3035
5594
4460
3082
6270
1035
8214
9489
9307
1553
8837
2468
7647
8687
679
8376
7217
6896
739
5372
7702
6139
2935
8133
886
4812
7564
4945
4166
5515
8561
2272
4058
3696
8103
4119
6663
392
5135
3138
533
9611
6951
9016
6796
6609
9497
2392
147
4498
2841
4001
1256
8779
4612
9453
8209
9912
6247
4774
3537
4583
7957
111
8825
4268
4539
3572
8197
2844
5085
1703
3794
5965
3591
4728
5565
6341
3425
3049
4360
1686
3425
6262
6458
6312
2231
3029
9662
5875
6604
8491
2614
2097
2293
731
4188
6019
6661
2169
3921
4738
9946
6512
8115
3185
1026
3332
6231
8980
1250
823
7903
1878
1614
5769
8361
2290
4668
5381
7597
7811
1532
2840
5518
7017
5054
7056
5283
2621
9617
2502
1808
5513
979
9379
8389
6168
5916
3451
7123
1704
8624
223
198
6758
8076
6581
9723
1771
6485
9364
6271
1581
3646
5809
8176
7935
5020
4368
5340
2728
9304
2239
3941
9018
3360
6662
4545
7270
2467
1503
7331
3764
3332
6371
2706
6727
5953
8276
7707
2829
9653
6625
7335
779
4063
8081
2561
8374
1890
3734
8221
4572
1720
2303
9709
501
4276
243
8984
3515
2896
6751
8833
5290
5785
5876
5382
6807
9269
8328
2004
4273
6178
4392
6749
8373
7419
215
3512
6615
383
3946
1616
6876
188
966
7393
3116
6836
3546
6238
4881
8661
2215
4791
1505
9036
868
3476
6304
4401
6173
2204
7818
8144
6585
7692
5685
9913
8825
6596
635
2072
7776
9721
3953
8526
8944
7445
5286
7264
5903
3547
9518
8678
1079
9484
6898
5569
9605
593
9458
7065
2642
8511
5056
9312
3363
7445
955
7752
7481
5740
7713
9918
1131
539
4979
7235
7193
1236
4658
1438
2852
3366
7478
5586
9581
1820
1522
4712
5415
7519
6616
9911
9588
5525
6898
1457
1519
761
71
525
9897
9645
7679
6670
6155
907
1123
5209
1588
9542
3545
2432
8744
9028
9030
384
6751
5776
8590
2272
8302
6878
1972
8353
7778
5499
6506
9814
6437
1392
3031
2189
4940
5552
7758
1029
2087
159
8734
7537
7420
6543
8090
2073
8996
5556
5628
4301
29
6455
3904
224
7265
8777
2870
1193
5550
9729
3059
3945
105
4939
9864
6046
4009
6472
402
8072
1115
3540
9264
6777
4656
5696
1280
6944
2086
1548
9237
5038
4581
3412
6663
2966
4962
2886
1006
5990
5901
8177
4713
9616
7619
340
9191
5392
9669
7992
7384
3965
2114
812
1463
343
3006
3550
5517
9441
8966
5770
4248
1273
7951
8743
6385
9244
7570
9500
1215
6860
9422
5010
3720
5130
7428
5055
4078
5804
5337
3091
4500
908
6690
7719
9376
7931
9278
7933
3725
3306
5291
7943
5557
8676
168
259
2850
573
7476
2779
5422
8706
5682
4744
7301
9960
2351
8504
2091
4523
7513
4477
4767
6081
1011
3482
5687
1506
9412
325
2094
9042
816
3762
4911
3667
5919
9310
7505
3515
4558
3101
6364
262
1830
4535
1848
1520
3697
5799
8321
9436
7959
9479
4137
2210
1086
5035
5076
6212
9871
601
5363
322
9141
7407
2547
926
723
2822
3894
3706
6647
5473
1546
7035
2875
7726
7238
4431
1283
1281
7470
6289
6208
5744
8684
652
3611
4758
9204
4067
6178
3215
2816
9138
6826
8929
7066
8052
4385
2526
9993
3591
1082
714
524
9087
2032
4298
8705
6242
4995
2951
1354
552
2037
7566
955
8921
7433
7099
3922
8407
8499
7110
2676
7963
622
4821
2196
3763
517
9708
7673
8597
8515
650
4839
6760
7989
9364
4013
1198
5431
7064
5687
8244
1259
1835
127
3995
7003
6222
9958
770
5720
4512
1383
7142
8785
4728
859
8383
3122
7761
4691
6463
5470
5104
3445
2716
11
4196
5205
2832
5414
4737
2270
7454
8049
6716
3194
7470
6731
2139
2498
5710
1965
3730
6080
9165
9283
1472
3469
2783
3375
8145
1984
6301
1419
8002
7255
4679
5564
7940
2116
5392
3574
2801
1869
2652
7277
4698
5086
3459
4584
1782
5100
9867
7203
9208
7401
7078
2469
2235
6215
3849
924
9801
8265
897
9378
6451
6868
3274
8862
3528
1040
4216
5754
1016
2130
3922
8029
9941
1872
6848
4233
3709
372
1764
2762
2161
8374
1585
6080
9575
5876
5026
8823
547
4588
1285
5248
813
7583
8245
331
947
3325
4077
3856
8204
1848
5749
824
7740
7026
6925
8412
1602
9256
7730
6175
7020
4966
2823
4102
4050
5352
3426
9086
7568
6546
7178
3124
3254
3773
7777
198
2438
3342
921
8022
915
7515
1127
9856
6519
5189
4614
5248
1532
285
5857
3138
953
400
5112
239
3515
455
3590
7334
3499
1039
7599
2530
3890
9158
1292
2905
3242
5320
3491
1408
4480
9951
1646
5632
4486
4069
8550
7409
7751
2601
4489
8587
831
5228
7765
5688
5716
4118
4545
5924
6902
6756
5187
8885
1142
7225
9026
1548
6496
3399
9978
6418
1397
7517
9396
819
9884
2114
1749
5917
9405
2921
4143
4383
2473
4149
2211
6621
2292
4778
7887
2600
6113
1697
2927
4670
5667
998
6952
8408
7532
9908
3629
4704
5728
8828
2539
6975
8523
2529
7084
4249
5002
6903
2798
7941
5366
2248
6159
251
1143
6441
2566
2110
8398
4112
2298
1589
9058
3278
4711
3284
9860
5826
9996
6247
3565
3746
6092
9155
7061
3321
9994
9501
1063
3311
6749
2612
6400
9497
4185
7221
4153
6674
4150
8951
2349
3611
3040
8408
159
3284
3666
2497
5204
1106
1567
8960
6628
7834
4667
7206
5865
8167
1678
6364
5335
1234
6367
343
9709
6385
1586
8837
9222
7896
4250
8213
2676
3300
3713
8854
3218
1583
9077
3017
3875
161
5270
9641
106
1900
9948
2421
4948
1394
4258
1798
265
1612
8049
1341
1907
198
7737
6222
9934
5714
9790
6534
7061
6565
2397
1209
1474
6578
6459
2473
6233
2918
6909
4228
1290
4540
8205
8488
9357
4393
9786
1585
6038
969
9318