8921
9948
3937
5338
6914
4891
2144
9648
701
4596
3513
2960
62
3031
4922
6258
9365
5680
1659
7304
4492
1513
8084
541
17
8440
6966
7976
7018
5907
9763
5786
9838
1023
5548
93
894
1435
2617
7658
4962
2139
3890
524
2943
3258
3084
4185
2384
4448
3736
2759
5484
3146
7383
4892
9581
9610
3932
1464
2291
1558
9778
9645
9095
3602
3462
5876
1346
8208
1421
6519
2663
9162
9227
6050
2178
7368
7520
755
8469
2824
3228
8269
6199
6868
3005
1941
4706
8308
7896
1278
9457
7540
2717
6248
148
8249
8636
6502
2889
9580
8670
3093
2171
7126
2438
1440
8447
5446
588
4623
814
9565
7985
8475
5181
162
2925
9195
3703
7365
5837
4754
5412
6163
2764
4379
7071
5130
4434
3872
7104
8714
2883
8844
9803
148
8783
8153
3699
267
2033
6322
4801
2756
4893
6709
8900
9761
2535
1118
1329
9528
7087
7312
5854
5739
3123
3320
246
4723
671
6825
4601
1159
941
881
7703
4834
5851
5286
1144
9068
6939
8293
1438
5711
974
6780
8617
2210
9786
7058
5570
4854
3806
6821
7676
929
9827
1415
6545
5020
3746
7369
2966
5120
4408
9706
5042
1553
1318
5473
1688
8706
1622
7659
9990
7000
1359
8789
7309
1688
7219
7109
4562
6782
7091
3223
9821
7709
9215
8825
2252
3420
4943
3767
702
2172
5388
996
7727
9290
253
526
5208
1668
2224
8383
2453
2445
4409
8097
3481
561
9117
7407
1568
2062
492
1756
5352
640
4766
9252
1416
7236
23
4895
9498
8761
4686
1395
8177
9710
905
9089
8702
103
3652
3109
8441
4007
5236
6788
1843
5291
6083
1902
7942
1032
4516
3798
698
4084
2384
8863
1069
4694
9742
4968
9197
7999
641
5365
8486
9176
673
3362
9326
6942
9656
5109
6255
2295
1564
263
6906
366
4308
9389
2990
7957
9177
6686
8562
4240
2552
719
5142
4588
4634
4412
2006
7341
3063
9294
4183
8887
1985
2655
8680
5443
586
52
6146
8188
2438
931
3210
3200
9550
1278
5088
3197
1883
1502
5797
1391
8633
7956
8871
281
6008
721
6773
2847
6223
4684
3312
618
4420
3792
3776
9416
5694
186
289
5770
4230
9281
7825
7108
7829
1517
725
9523
2994
976
4849
6052
5420
1636
6703
5850
1
9789
203
4119
1023
331
4942
851
6796
417
1326
3304
4618
9275
4449
4803
1326
4119
7341
2859
3981
2846
8689
2558
1529
9262
8140
6877
8319
4565
7312
1939
416
4213
2838
126
3436
3869
8629
2484
8913
3568
3731
4646
1969
2437
3653
3918
8878
815
1459
4923
5681
3952
122
3406
5749
2188
8312
7250
4514
5730
7309
6878
2730
5331
7355
8709
2838
9676
4808
5524
6949
2970
1486
1123
4549
5423
7870
9173
3906
8433
583
4962
4219
221
7248
4163
8829
742
7901
2933
1211
5491
9708
5499
8837
6498
1051
579
4237
2890
4826
6533
5127
6019
3249
8006
5387
8840
3243
6396
9565
2592
8560
9417
1999
6610
9264
544
7165
4795
4556
6435
6302
8991
7581
2485
102
3903
6210
9040
166
5966
3454
2552
8783
6213
1006
9793
3688
8209
7564
6401
2301
1672
8722
192
8238
1962
2381
9928
8658
832
239
787
3157
565
8852
7344
6646
5452
7950
7897
2065
4780
9587
4267
9156
4178
3117
8878
80
495
4530
2769
1917
8376
8199
9525
5883
8424
4609
1545
5213
3580
2156
4782
6949
5190
9562
2430
165
5679
4531
2582
831
4957
8044
6918
3294
7695
3054
7448
153
8147
4850
10
3824
7321
8038
3124
6504
5083
577
3909
4056
3898
2845
5981
9894
6047
12
1316
3360
9701
1889
2520
8238
6549
1134
2697
6073
5617
2937
249
6344
3974
1801
5393
3923
8069
1157
4480
5504
5639
3972
9844
5386
4082
4954
9951
2026
4023
5172
5674
3231
8847
8044
7412
6333
5553
11
894
4052
136
9613
734
535
6348
29
8868
6095
8010
6631
6799
454
8547
7919
5153
3347
1631
1756
3533
5624
6998
8784
8705
854
5259
5068
1629
9586
9663
1172
7705
8095
2325
1001
3760
978
3812
2762
4839
3465
9817
6592
3023
5759
112
7674
8717
726
153
5664
7074
3823
6537
9881
4382
6129
3548
7096
7286
4793
1614
7654
1213
8735
2192
1308
6899
8499
234
5430
6491
356
1913
3955
3155
615
4602
6751
6813
2760
5905
9787
8731
443
4903
2449
1563
5373
2980
9274
4819
3454
6406
7637
8291
1542
7477
1211
8857
842
5165
7142
9991
5844
3261
6837
7990
1477
3015
8918
3351
9817
9122
5844
1575
6028
5967
1494
5868
8035
2840
5133
1775
5127
4820
4379
4094
1375
9243
8607
2705
8449
923
7190
6456
9647
9528
9243
2346
4101
7377
4250
9084
4143
4618
8933
5594
1159
3797
12
7229
7605
5850
9883
8292
2360
7988
639
8618
8357
6164
401
1631
3797
7863
679
7602
1480
3468
6833
5361
8814
6190
9943
6528
6865
4078
7069
1660
6770
1706
7177
7507
9810
829
311
8534
7957
3560
4667
2928
655
5532
6936
6822
7772
663
3812
1988
8058
9226
7855
7853
3021
3026
1875
5774
6901
8247
777
265
3164
7916
2761
9946
9803
1075
3434
5796
3215
8357
4679
7292
7796
3306
3445
9860
7893
2562
9159
9860
4762
2413
8334
8281
9843
3940
7702
6550
5148
7990
4958
4066
2767
7607
9891
5862
3621
5704
880
476
8337
9324
880
2155
4684
799
1527
9679
7363
6618
3293
8925
5243
8082
5993
2054
1427
2713
9046
1948
9967
9596
4115
3241
5618
9152
8524
2672
5726
3722
1631
8471
8270
4753
1717
723
859
6103
4388
5570
127
5161
2995
1755
6516
8101
1349
3442
9331
1519
7545
7756
3673
6314
4034
3655
652
4180
9485
4455
7737
5340
8984
178
1708
2999
826
1493
5429
3701
3055
6033
9717
886
7531
3085
4799
7180
8714
5345
1091
686
1620
2849
9101
4978
7954
301
8592
9996
3380
1945
1540
1791
2353
6779
8713
6494
9712
8805
5398
1076
5914
5798
278
4014
8928
1305
8353
2471
8631
9354
9051
2989
2938
6019
1788
5236
8502
8919
8406
5109
8462
928
8103
8102
1132
7536
1091
7581
6984
1176
2042
8008
8301
7608
200
6719
9417
1891
5116
1060
2971
209
4836
7648
9080
9720
6253
6662
2663
1438
6031
7032
2128
8442
79
732
237
8388
656
6162
6008
4627
2395
6785
5016
3370
235
9134
4288
8343
7070
3596
5783
3372
8440
3304
2768
1688
8515
2460
1998
4420
6381
324
6786
8373
6966
4587
5464
9430
1407
3052
5725
9275
4501
1554
6093
7523
106
546
1063
6370
1491
7669
8790
896
3627
7215
6635
5195
8745
4556
2861
1745
7589
5015
8858
5484
1077
543
8814
3939
6100
75
6056
6268
1230
5351
8011
337
4335
7852
666
973
148
683
7862
2915
8913
4968
9737
2274
4651
1827
1410
2540
3902
7458
2417
6322
5256
9018
6765
1624
5424
7511
9729
220
6536
6667
8731
4509
6730
242
8499
5557
807
8919
587
1448
5138
916
7543
5857
9826
7484
8586
864
4180
9275
7319
4220
2888
3558
7192
4296
8829
8698
7078
9289
4935
53
8283
2943
3235
6514
7632
295
8423
4157
5723
4129
3852
7901
3339
3983
3928
9585
4796
3909
6816
2064
3384
3190
1002
8840
7158
3727
8188
6364
5606
5726
7433
4227
4719
2299
6522
3746
6375
4454
8825
1852
5192
103
6472
8116
2584
9185
6209
60
9022
9196
3500
9478
7084
658
2438
7277
2690
9749
5031
2481
5192
1174
2027
3383
3517
6008
1908
1676
8202
4708
3271
6192
8356
1518
1382
1240
9028
5249
3617
3975
6577
9119
6458
492
5922
1180
7797
5120
295
5485
5970
956
5521
7530
4893
873
8834
8100
1913
4876
6238
2591
8506
5290
4107
1443
4349
8697
3130
951
8214
7153
4704
875
9028
3128
8952
2612
2346
2346
7499
6507
4197
8358
5654
4612
8507
5159
6804
7163
3240
4897
7786
3542
9728
8408
8230
9679
8737
7312
1844
6652
2506
3183
8378
3498
7040
9358
8118
9993
6119
5876
7577
3563
2765
1052
3682
4658
1219
6792
1073
7411
2711
8554
4275
6259
4870
699
6126
4707
5523
9504
9277
6052
7971
463
2725
6497
3178
7752
9184
3325
6454
7119
9958
9842
9891
7871
7842
462
7783
9769
7236
2243
4532
4240
4142
3332
2666
8505
6411
8565
6768
8378
2596
2983
5073
2327
2500
2646
564
7162
1751
2931
654
4449
8177
6830
6223
5797
9221
9257
4418
1871
1084
4984
5787
5724
1483
2139
4377
6746
6734
6963
7522
8890
3278
7189
3020
5898
7807
5160
5765
9603
1020
2665
2633
5428
4383
796
2826
7511
4062
6052
4419
7316
170
4648
2905
2155
5566
6454
1364
6150
3193
8101
4194
6702
7796
4815
99
5214
6892
1311
8566
731
6092
3158
5843
471
5617
6179
3960
4652
8176
9501
5690
3300
4797
9594
6975
5497
6200
7679
9865
622
434
573
877
2402
3018
7573
21
5096
8008
7592
7342
1943
4353
886
6734
797
6978
3631
8286
3284
9820
1578
7957
4086
8331
3769
6784
3107
710
9746
6614
3596
7072
3697
725
260
3234
7051
2964
7992
8872
4934
6437
7263
5401
2108
8589
5747
3926
8928
4449
4207
2208
4010
4134
6686
9314
1882
9483
18
3819
4798
633
1496
5683
3878
1366
5108
4227
7959
1587
240
2195
5805
2903
5610
8980
4065
5006
8973
1764
827
8377
218
6245
1715
9030
7157
7928
3862
2984
4620
6702
1987
9234
818
4958
3675
8449
7906
7593
7944
9251
7809
109
7422
1740
1482
5287
4985
6787
1403
3760
9602
6325
5315
9200
1538
9480
145
8525
8748
6075
4109
505
2074
5732
6361
203
2400
6413
6455
332
9151
4608
4779
7567
6364
3383
4617
5946
219
1985
9222
6748
8362
8073
1822
2256
4951
6947
4185
9262
2812
9995
8015
1381
149
7730
3771
4598
2214
1212
6368
5989
4775
9875
7642
9597
6571
4554
3777
5799
4451
2742
7274
9124
5216
3000
2372
5418
300
9682
1641
8646
6628
1081
7616
8623
6537
5531
3309
8397
3664
4080
5459
7495
4663
5754
6279
9456
7485
8606
8200
7592
862
3072
1526
6378
4941
4700
8086
1700
1040
8588
7818
6165
1646
734
9269
3171
9513
1034
756
6654
2053
6383
6056
5288
1774
1753
7078
4611
7102
8775
9658
869
8497
5186
9717
2754
2386
104
5785
2467
5222
9271
1403
9868
145
4575
3588
7919
1476
2573
4361
6054
357
1475
5238
9147
6854
2840
9717
5621
162
1905
762
6390
3332
6645
1678
3664
8333
5457
5220
972
5592
3654
8281
842
1332
2152
6182
1657
6000
1242
7501
6016
37
8979
7354
1323
2353
2967
812
2060
4027
2012
472
6452
5926
2365
4672
2396
5680
3547
1480
2466
9565
8390
7471
3151
342
4398
2875
6935
1336
8107
4147
5684
5704
2796
7285
3843
6333
9757
4333
3915
4039
6834
7170
3416
363
250
685
7853
7669
9629
1292
7864
4741
4352
4422
5404
6193
6884
6245
890
872
6455
7298
4268
9164
1382
3487
1557
4375
9972
5460
8488
6724
6180
4104
2508
7021
5993
2936
3314
5255
9821
565
1388
3555
3389
9217
9784
5817
2069
2903
5199
6479
4406
2478
3646
3215
7165
3683
8482
2711
8000
7034
2356
4587
2756
215
5395
3273
9379
4669
1292
694
4791
9000
3225
183
3025
1182
5833
5842
7909
6423
3708
2904
8268
4488
4450
5396
9912
1234
5205
7889
4847
9618
6911
6415
9223
4961
5075
184
8575
6736
7394
7339
3962
3290
730
281
2829
8078
1303
5455
7449
1678
9185
379
8340
4449
2558
5384
1754
7753
4584
1870
1836
2417
2043
208
5771
7219
9114
1357
8105
4325
6267
1396
3193
1918
9895
9357
1067
4982
4076
2153
2381
1493
9897
7454
9373
5244
9327
5644
2778
4414
7864
975
2115
3478
5377
128
7344
3562
6633
7049
4465
5557
1916
2292
2468
9752
5360
5933
9645
5081
6260
2012
9982
1131
6169
7722
7110
744
4528
7640
5054
8998
6917
2794
2185
7781
9537
1137
5770
7359
4509
9541
6482
3517
3355
8180
9699
1
6788
813
5105
1649
1047
3311
5319
2089
9810
1006
9534
7376
4169
5197
7357
9573
6170
1814
7324
5435
4448
3361
1580
6349
6265
3074
6736
4080
823
9087
5856
346
1202
8065
5624
1523
3606
6585
268
128
8398
8543
4381
598
5224
8139
8287
6547
5183
7539
6440
4902
4416
6018
6318
7596
640
8544
1131
5891
4248
4360
7498
4325
2527
9694
6332
4767
5653
5036
6222
9176
4728
7558
121
1955
6217
9651
4337
5566
6039
3654
2579
6809
8256
6900
1627
4480
2095
9209
3330
8273
9358
8543
8669
8985
1226
3469
8651
4320
9477
4837
7455
6694
24
4623
4321
9419
341
4775
1750
6626
8565
9171
7591
3443
3188
6809
1931
1005
3635
7899
9869
1604
8594
893
3032
9775
2502
9417
8211
9377
2118
2069
5581
2077
8877
5075
1196
5044
4735
7690
8533
7148
6462
2591
7043
214
1360
1610
6163
6489
7540
7757
5254
901
1689
7803
1888
7828
2895
7063
4252
7919
4374
3733
3186
8192
8678
8526
1257
3440
2125
9357
2559
7444
6305
5823
7957
5620
548
4363
910
9835
5464
9298
1691
5226
7215
6103
8035
9995
5789
3354
8898
9319
858
5656
1322
962
4910
9240
2625
6923
6849
2032
8369
617
7399
8950
6451
9491
9288
6835
3151
2986
7602
1204
4477
9473
4169
6438
4278
5141
6129
7022
9684
7742
6128
1937
5215
939
623
8993
6979
87
9108
6475
2475
3689
1034
5791
8011
5754
230
7158
5687
7794
830
9657
1742
4690
7580
9054
6270
9802
8986
2121
7913
7788
2916
6969
474
3979
3156
5305
9152
6562
387
7524
9429
32
97
8140
5743
2481
7955
8760
5755
8451
4463
9101
4725
4291
5432
4196
6764
7219
1671
1025
3844
6104
7373
86
3760
745
9975
6674
4708
5209
3239
3453
3812
2478
5724
8827
2972
8767
9277
9925
549
1436
9934
7774
3932
9932
8141
8228
1249
9001
3672
83
582
8077
4750
354
4658
2768
9428
2863
94
9530
8830
7427
3164
9924
2945
6260
2364
576
9029
3276
8831
2954
6546
2337
7302
3152
6857
1953
2633
9766
1964
6387
7293
144
7786
3535
7528
4956
4180
3532
19
5185
2807
7031
9259
5987
8178
6134
9105
3569
6390
5128
45
6927
8931
2099
8042
4662
9626
2877
6545
5735
5229
6554
2443
6019
352
4613
6506
2505
3809
7442
1123
1494
9052
1341
7286
4134
9376
4875
8200
2486
3660
8636
9023
4477
132
4353
6696
1285
1024
627
7848
1387
2792
960
7790
7261
3144
8676
2411
6455
3724
2209
364
8117
3221
6228
2166
6774
3988
482
722
1903
4854
7544
6447
7971
8330
6404
5595
1121
4289
9822
8317
4712
7416
4843
8618
532
8567
4205
2640
8703
208
2225
4261
994
8462
1899
8336
5097
1852
6224
896
3023
384
7391
2703
7039
8950
5678
6873
5060
4036
2543
7997
5015
9221
5800
9906
296
8866
8150
7920
4444
9697
6308
1486
4632
7002
6973
5421
272
2429
5096
6352
8594
2646
9699
4656
5682
7757
5286
8654
5567
6442
7236
9470
4566
1457
5598
985
2356
4457
3707
4999
585
5997
8741
5938
6130
8424
9764
5138
6858
8668
1857
2117
8559
8480
8023
5860
4051
222
7315
4477
7944
4280
6228
8114
4883
2716
7963
3213
5623
6294
7202
2054
6628
3133
8333
2581
8395
9412
2278
6223
3171
6277
7401
6914
6891
8063
9670
1001
6449
809
1174
2235
4998
3670
645
65
9144
4140
902
7650
4117
7599
3454
8456
6349
447
195
9181
2455
5071
2494
6002
6621
4822
4301
1738
2683
9378
3707
715
1837
1423
8312
5588
9246
7367
624
8877
6322
936
7497
2348
3306
1164
1305
5672
5918
723
3840
8730
810
5558
1655
106
291
5376
4312
9306
1504
6016
3776
305
3750
1034
9651
6372
1653
5515
9666
3512
557
958
9775
9236
9809
6499
2025
9296
5772
6133
2048
7990
9957
4778
6594
2823
9600
5317
6008
6657
6857
9376
8040
546
6368
1852
7909
7386
5427
9985
2949
5639
1439
2614
3083
9418
6593
5007
5475
5222
4604
2046
8722
7844
8721
5826
4912
6165
5088
1316
645
8283
7920
9249
3878
9812
6619
8144
2766
4147
3426
7910
4394
1153
4792
1997
9558
4563
2525
7905
4349
1012
6655
3063
6605
5131
6647
2779
2740
756
3994
4453
4535
9001
2197
9998
6204
2066
6739
2742
7730
4333
3700
5138
965
3115
2642
5113
4944
9778
3501
9748
1142
5312
2444
4708
4046
5048
1355
7669
7462
3948
9127
6009
3785
1685
343
8408
4347
3423
5197
8323
3169
9019
9727
7501
452
9707
6843
3406
6184
4342
9696
8081
2441
4621
8100
6610
3562
8085
3689
8456
1350
3366
7093
2587
9731
1382
7924
5730
6390
9693
7350
2260
7518
4491
4806
656
3242
9445
4056
639
6668
2925
6060
4517
5808
2415
5686
7638
181
6468
1720
169
5350
8428
2322
6128
1175
3048
3927
576
2327
2869
4651
9105
1151
9670
3137
4366
5811
2837
132
9868
4389
337
7622
2544
6333
7603
2758
748
3642
838
982
5494
4500
5546
4467
7397
1522
3157
5338
5851
7704
6227
7824
3064
9653
3218
3558
5595
3613
3144
5665
4418
660
7804
9630
7447
4001
4894
6655
551
6122
5701
389
5113
500
4322
1176
7750
7905
5341
2230
2560
6196
5818
2835
3200
2023
2120
7959
5206
2866
1902
3783
2342
4228
3438
1038
9403
1371
7138
9462
1151
4907
5776
8480
3584
5366
9716
5994
6086
6408
7650
5066
3698
9474
7888
8303
7502
3635
7960
2440
5638
1840
4746
3423
3730
5880
7706
4996
7453
8895
4412
4836
9671
780
1715
6751
8916
9739
1252
1421
3501
1570
5794
3570
3051
7193
1741
1018
529
4583
5716
955
8386
9103
2655
650
1840
5510
6629
2909
5721
6522
7650
7417
2851
3346
7977
3251
6656
8757
7693
8880
9811
5796
3450
9006
9681
1037
8495
7916
9183
1270
6315
927
9494
4451
8924
8998
3524
955
3409
5706
6922
5449
1641
8429
5064
7894
6092
2545
9086
2068
9016
3566
8495
3668
284
5502
5788
3270
3606
9410
4713
8091
4540
5863
5702
3370
3785
6703
8749
965
5920
8432
562
6344
9849
8958
9359
5619
1040
9207
4442
9478
916
7606
9752
4336
7599
4670
1932
8152
1317
9676
3323
5019
2837
5417
5968
1479
8656
7255
5583
6840
4422
6209
5333
5561
6628
919
809
1819
824
7715
9904
6312
8673
812
9842
307
4760
8547
8730
7823
1276
5582
3263
8972
9024
5026
7455
4049
3100
4723
1800
3948
829
34
5252
46
7780
3065
4608
2717
2385
8537
2538
5485
7958
4902
6660
7407
768
6057
6765
5026
4795
6869
5705
2325
2136
3869
1522
9541
7607
992
721
3446
5827
3750
9350
9507
1685
9434
4617
1961
4256
216
4982
3069
2539
3582
8536
2951
1855
6311
738
4663
962
163
9473
706
1837
1104
4604
4085
9378
7555
2280
3739
3990
7527
3140
7647
7232
6120
3265
654
3628
2367
287
3986
6200
1161
9124
6913
8324
8513
6104
7081
295
2134
3832
8248
1166
7424
8548
7882
985
267
7345
6495
9425
6742
2320
5588
4975
5307
7154
7683
5921
6481
573
1728
5031
8291
5272
5787
1445
2341
2693
9773
9752
1172
4699
7515
2554
1383
8039
2035
9044
5518
9040
5554
1266
3225
4212
3555
9260
4657
2681
3175
3695
4599
5372
7992
251
4739
3561
5050
8067
4037
3169
7724
3415
3106
2032
1248
7162
1434
4648
1066
721
9715
1370
2761
8829
2543
4409
1183
3352
363
4816
4118
820
5777
5593
8661
5761
3013
3747
4500
2147
6944
7455
7965
8401
2811
6391
6502
9603
845
4623
4369
2721
9210
4356
658
1800
9650
9867
5541
5896
7580
1703
6986
2719
4566
4874
2032
7341
8529
1165
4728
1314
4930
1817
1547
8168
6067
1792
4055
3274
6378
7901
2680
9285
1381
2917
114
3095
8111
3414
3817
8602
5545
452
6640
3954
1783
9416
8470
2928
2238
521
2271
5054
8349
2125
7008
9562
4726
4711
7500
4094
2264
2400
4805
236
8050
6662
6863
7308
6777
6452
2281
1649
7324
8621
3877
6451
3276
6197
3807
4161
2325
3467
1338
1162
3799
2700
3014
6779
7179
9487
2838
3215
1059
3428
7269
6129
2409
1593
309
8646
9851
96
4368
7690
2340
1611
3007
7826
6516
8059
1005
5541
9578
4177
4209
3147
2922
642
1818
1363
3269
3083
1176
3221
3947
1455
3277
2682
5563
2735
3513
2932
7211
6324
3618
3625
8758
8848
2666
443
4509
153
8941
2002
8489
1987
9263
1010
9342
6923
7821
4169
4595
1590
7439
8283
514
9700
7285
8756
2902
9047
4631
8463
6823
177
6102
8009
2224
3535
314
2853
9086
5486
796
1133
6791
7410
7584
3379
4443
8570
3497
578
5749
927
1089
8863
8792
6558
2506
5462
1729
2941
5997
2316
7091
7765
3528
3101
958
1774
3825
9717
8916
1445
7207
352
8513
8897
7974
2027
5913
753
5293
4155
7896
1278
9330
5358
7466
5425
9369
4778
7604
8456
904
1398
5875
6365
8323
9276
2825
1299
4486
1127
726
2021
5460
193
6165
5605
7380
2042
8990
141
943
6573
661
7891
569
647
2239
4895
3844
6453
8623
61
1659
2429
6047
4517
9115
5658
9334
7379
9703
8775
8818
2155
2205
6788
9034
6949
1467
1192
8204
843
9835
2673
3391
9852
2700
6288
6744
9122
6407
7333
336
7063
6542
5387
4765
5744
447
7990
905
4959
4892
7473
257
284
3922
2383
1481
8070
8540
7686
2122
6422
6248
5605
3619
1790
9666
2676
2563
3456
7736
6686
4658
5298
1695
4052
7267
4694
6537
1265
3500
7723
3665
847
2183
1443
1516
8898
4346
5441
1071
6249
5081
2194
8901
1382
1760
7369
314
5562
2349
3833
1779
628
1133
8783
5159
4957
941
5150
8542
179
7803
912
8642
164
9316
9905
1036
2801
8955
8591
3506
7231
7162
1706
8690
7727
7629
6557
8168
6708
6
2129
2288
42
7724
1603
2470
6057
3712
4349
7899
2609
8830
8460
2174
2829
4945
7758
4784
8355
471
944
5908
5711
2497
2252
4697
8291
3186
211
2333
1735
7838
3077
3043
8275
6596
7392
4304
9918
4517
3978
600
2934
1707
6013
3624
7505
1949
6661
9886
9643
5743
6126
5697
5574
8155
6995
1957
7681
5564
2262
8774
6922
7123
3696
1691
5925
4186
2299
1872
8955
3714
4033
3216
9351
8091
3474
3624
9514
1894
4512
1614
7025
643
4323
2661
8268
5050
2514
8505
7933
3919
7395
9568
8166
7109
5178
4117
9542
4992
9113
1180
1953
1097
3026
2529
7361
9741
5533
2039
5360
5355
4734
110
1026
5606
8781
3384
6962
227
539
1190
3970
7219
2424
7510
187
1404
4515
8378
588
7210
5571
3218
4996
7901
7989
8189
9365
4157
2080
6180
2501
4247
2490
4196
463
8978
5509
3934
7542
4281
8816
2460
712
3406
1014
580
8430
3941
470
2970
9407
2310
5921
2033
9688
4775
288
8374
5066
3884
146
6933
633
2199
1467
6295
5134
4578
6068
3683
6836
4947
3866
2703
1485
4488
5699
5160
7850
7903
2464
1768
6539
7670
8217
6056
4436
3360
2903
9202
7652
9551
7892
5438
1115
5762
1089
2033
3902
4346
7541
1617
4124
8246
7350
3352
5254
3358
3004
3512
8706
49
3754
4567
9284
6366
3060
8632
3984
8398
5607
9207
4207
3556
4503
810
725
2551
3290
2440
4907
9063
5576
9390
7950
4127
4875
1229
8958
3892
9951
6194
6821
8081
5241
4448
8782
5222
4113
2906
4520
7421
8673
7643
1461
5929
8346
8689
2951
9780
7551
4858
4288
3479
7287
371
7869
6328
6968
8835
7973
2550
6087
1465
845
5474
6134
2402
599
1036
1869
8483
7945
7840
86
403
7365
8323
4764
5236
7882
5111
6970
6234
4968
3127
113
4129
5656
6826
6757
6075
9687
6679
507
8953
4093
8800
6332
5553
6277
3474
6513
8212
3220
2354
2808
5290
9673
6717
4701
6890
6921
6456
5658
1009
4486
5042
3924
3984
806
3825
4731
8982
690
7286
7889
7347
8845
9013
7283
6898
3941
8420
3925
9260
7333
6666
7921
4089
5741
7918
1048
1897
1557
5145
6722
6322
2828
8712
8315
7702
1637
8251
597
4093
6720
3795
8299
508
2355
8557
5123
9076
802
7175
3438
869
3231
9330
535
6373
586
6617
3557
4395
8886
5160
6991
840
9140
7829
959
9727
4706
4692
7305
6377
273
5415
5619
5369
6114
4580
6884
7796
9583
217
4421
8772
4445
8867
9075
3273
6960
4672
5841
4260
8197
1120
2114
542
8471
3259
5460
1160
9619
1243
7085
3036
255
1011
8786
9369
2284
4641
4315
7812
6946
6228
9066
3625
9681
6893
7109
5786
1911
9052
3372
1194
2747
2182
1424
3513
9420
6063
2785
9972
1986
3370
4598
1409
9843
7965
8144
7657
648
5962
9382
4898
6215
8855
5581
7669
4795
6792
9255
5762
8300
1572
5015
1263
6673
4470
6281
6778
8751
2169
981
5923
720
5
6215
6423
9858
9602
8542
7393
1890
9713
7515
4509
299
9652
7334
2751
7262
536
8046
5727
6852
2780
2678
2992
3866
1696
4182
14
9618
8925
371
7289
6463
3550
9637
5990
9689
3645
1444
3225
8952
1343
3892
7045
824
7240
6847
9293
2357
424
4655
3548
3000
3911
4162
9519
8940
7353
8219
3878
2861
8904
5217
7814
5788
365
3737
3507
2052
6946
7057
8259
8285
217
4037
4912
645
377
4294
8894
1230
682
5357
996
9088
7479
627
7938
9485
356
6128
7102
9438
3058
664
2424
2505
4319
5004
1587
4312
2746
3715
9980
6857
2618
2170
5269
9192
9295
5667
6213
4394
507
5814
6877
8309
5006
5499
5003
4690
9045
9193
9741
6730
7729
754
5606
9587
501
6708
5893
6526
3827
2391
3277
1044
8750
300
843
8540
6964
3405
302
4138
5761
8612
5159
9962
7129
7445
930
1119
5767
6111
9449
3736
535
6740
5394
4909
5560
3928
1756
6431
9346
8521
2586
2969
9093
4714
7699
9508
7528
138
7748
340
6180
8459
154
6719
8128
7694
5299
3944
8455
5272
1378
192
9735
8742
5384
3541
8957
3970
1234
7249
8034
7410
7121
2111
3846
743
5931
553
7720
7360
3455
6191
9625
8848
2668
4700
6454
4622
3860
6815
1821
9031
3447
8923
52
8458
2902
1666
9053
4572
8098
542
1788
6638
226
2274
1672
2664
3396
1353
1913
5896
6617
6519
8576
3090
1414
6795
7214
1575
4626
9366
4835
4946
570
1019
4381
1688
887
1849
6156
6843
1376
9747
4798
7191
6488
5433
6427
9868
6242
3711
2742
4651
6983
7178
5764
8729
3855
4343
7427
3838
9499
1306
5143
4460
715
5234
2007
9987
1367
4840
7845
6920
6492
3656
4066
9012
7299
9478
1934
950
3008
6359
1935
6332
8924
773
2402
5755
4194
6785
4664
7210
3814
4455
8704
6167
198
4862
8096
9959
6763
237
9121
7055
3880
2751
2723
234
7140
9563
1378
7104
7813
12
2378
2563
5130
7238
2785
5532
1900
70
7691
9020
4520
4154
8678
6756
3335
9503
9166
7508
2548
4409
7481
8660
6866
314
899
3446
3021
6566
2141
8295
1378
8695
9169
2198
5740
392
6378
6912
9994
6632
6426
6603
6935
779
722
9671
7867
2787
4851
5722
6807
7028
6772
3769
7730
4634
9906
1522
374
8723
6819
8462
4812
9151
111
7863
1728
2129
5854
4215
9070
5434
507
8654
9418
2559
5775
1590
2035
9078
9589
8404
3185
9035
2069
1709
1201
4263
6937
9650
7417
8046
2563
431
3924
3695
7076
5835
6690
8833
3799
7666
5387
4809
8532
4104
1627
4485
3570
7419
1200
9510
1268
5243
9321
1708
1776
702
9118
2228
6873
5142
6057
7700
2988
2261
3485
3284
8084
1904
4915
5841
1395
2949
3753
9811
5814
1203
9775
3538
9238
4351
9040
5992
2131
2676
5766
7113
1375
9546
4090
2679
6833
2160
9098
9944
6391
1963
3374
7357
8091
5066
6001
5029
630
6537
3204
7693
3924
4914
9094
7557
3421
3065
1936
9511
197
7323
9027
2809
1316
7188
660
3041
799
2175
2964
6529
4810
3833
1094
7286
1064
350
7841
2147
3242
4856
905
3728
3781
5579
5732
8205
8403
4580
6650
8270
3069
2104
9679
3355
2718
5085
6362
3701
1036
9442
4241
6528
8320
5876
8310
8527
2604
1758
8342
464
6810
9825
2985
6855
5124
3640
7156
6960
2117
9124
6363
8361
3964
4985
8019
1823
3236
3236
2316
3953
4748
6100
7267
1812
1805
8152
9802
8933
237
9671
8544
7561
6998
5561
4204
834
4055
2481
4363
110
6912
8738
4444
3860
1823
7393
583
7765
1005
2479
6487
4141
9403
446
6158
8770
8898
8599
3630
6265
9516
393
2271
9556
4569
9981
5119
614
5516
7161
8495
1863
1707
5148
8769
451
8884
717
9466
8003
6061
7408
3137
2566
8606
2153
7636
7337
4374
3760
6631
8166
5095
6983
6241
8961
5376
8241
5341
4227
7975
9077
9752
558
4309
282
8400
965
8886
2317
6070
5012
598
8890
7340
2758
8769
6420
119
10
368
4133
506
2691
8139
9345
5007
9061
9111
7552
8333
247
5130
1807
1928
2124
410
1421
9129
8136
9798
8813
6195
3094
7977
8972
7240
8493
4020
3553
2964
4358
3370
4413
9532
6631
1519
9293
2223
8089
4875
2934
7129
9444
4485
8731
3487
4012
6962
9970
3673
7799
8430
8877
8671
2531
4921
286
1720
7188
86
4524
8662
1584
3577
3772
7822
732
2364
7238
5309
8533
2440
756
985
5011
1552
8156
2817
2695
6145
8692
6337
4437
5973
342
6914
9010
4261
8313
2534
5793
9700
6936
8687
6771
2740
487
6293
9394
2933
8767
5802
1382
8497
1178
7231
6115
9220
1494
5846
7882
1165
7437
72
3575
3566
5053
9185
9133
6457
2445
1869
8839
3123
7497
9720
3679
8179
7413
3951
3395
9312
3289
1186
5589
465
1064
98
7387
1958
1317
6438
8272
871
9796
2322
5138
8994
1957
4125
8723
5182
4660
730
5369
3406
9908
6006
8250
1006
3788
8615
2442
7320
5383
2370
6173
620
7297
4184
4283
2095
6773
4909
5391
1710
6760
5796
678
3108
5358
7844
7039
3727
7154
5623
7568
6529
7991
8576
6664
101
2532
8922
9683
7331
4297
9024
6055
4240
2216
6418
7230
9111
1216
3585
6441
2863
9540
4267
9624
9849
2535
1630
9142
6976
5908
5289
4552
3573
9424
5626
6854
2331
5088
7630
419
7316
2701
6219
2067
6464
3687
4515
2262
8767
8838
4621
2890
8097
9609
1346
1606
351
124
4170
3959
3744
8402
9615
5195
3935
7457
6210
9423
2044
141
8456
589
467
8218
7634
4449
2537
1100
5552
107
8089
4672
9247
1879
5474
7285
5947
783
9296
6878
7479
7265
8183
2424
124
1887
2586
973
3990
7289
5611
801
8476
8163
6751
5605
1192
1786
4357
518
7444
9783
3167
6341
7346
9700
7012
6453
4814
4937
2149
4057
1120
4361
264
549
5246
6848
7859
2873
2795
4697
1237
4445
3400
5258
9085
4530
707
6521
6522
629
5875
9895
4643
2476
8631
2397
8989
2423
5451
2370
1142
3908
6031
1899
4766
62
9828
7677
4976
1419
324
7651
6954
7801
5769
7241
3907
8019
814
6436
5654
933
5198
2330
4787
9603
7122
3785
2709
9271
7842
1555
6273
4338
9017
3152
815
4719
8397
2531
8866
503
9251
9340
1847
6573
6661
4406
9689
7090
6702
1573
44
6069
3400
9161
8138
4338
7796
9183
4039
3458
2480
4410
4340
9739
1224
8302
995
4169
6727
5413
913
3856
5927
8593
5202
1690
7221
6159
9022
4077
4378
1251
7632
2039
6272
9098
886
1301
5842
5644
9361
932
3938
7487
3820
5307
2445
6915
1133
2561
4391
9706
8018
2197
7589
6338
6326
8528
8800
7669
9314
7171
3449
8628
232
6973
175
3463
2544
7778
3825
4514
1591
1398
6459
4480
5296
5119
1195
3945
3875
342
2829
9854
2619
7251
525
6135
1249
3596
1297
2493
9679
9709
1242
9090
4047
2751
8427
1537
3235
1483
3533
4223
2042
4793
7777
6971
8743
2994
1184
7546
7027
4861
3528
2493
179
3452
467
831
2483
4448
1237
910
3070
8391
7909
4006
1758
6566
602
7628
6208
906
6192
8230
3269
9335
6355
9164
6622
1528
1300
9273
1913
3029
970
9170
245
7347
9677
1010
4216
1015
4443
824
4638
7867
6098
3650
7392
7050
3801
307
6445
1530
9961
5647
8969
3889
7100
1727
3754
4004
5559
1105
4858
3853
2060
8983
369
5840
9739
4826
3889
1638
3928
6218
7864
8841
6107
3291
5627
5774
192
110
9249
5865
628
1881
8476
4408
6563
1472
7109
2174
2766
356
4257
6911
6090
3749
9809
7748
145
4567
549
6023
3658
8171
6245
6757
7870
7703
1463
3890
8947
7048
5902
6094
4718
2770
8790
5851
6849
5181
2868
8781
2014
2965
9244
2664
6233
5750
1939
8273
4097
677
9561
192
7215
9442
8814
4241
1218
1432
8863
2895
4851
5080
7356
349
8633
1577
623
4183
3279
2827
9740
6749
7944
6831
8987
4871
5209
353
3962
8706
9528
9440
824
1898
1688
5599
5719
4390
8001
1813
4988
6337
789
746
5170
8619
7037
2416
9571
7270
1064
9204
4432
1162
5709
5926
9072
889
4956
9469
6208
8566
9634
4153
8796
408
5376
4385
1849
6017
7021
1295
171
4170
5162
2588
2650
8084
7874
5919
4719
2189
4575
4055
6737
277
8602
6941
4385
7568
5834
7308
9754
9649
9681
8921
4045
4203
5802
4233
8736
6519
2824
5113
9371
2724
226
1744
9431
7634
1130
9569
8497
7268
3112
7587
6596
5173
3977
1681
762
8348
1647
674
2964
1501
5190
4356
5595
4558
3628
507
4405
5116
2399
8223
2355
1867
9089
5847
5686
9290
2660
4285
2906
7468
6310
9752
1517
2413
8112
5373
8984
786
6414
380
8267
1573
9242
9174
7603
3492
9246
5917
9450
3731
640
8139
3235
579
9439
8698
7397
7502
1847
6910
6424
3239
5570
4414
6732
9371
7876
6435
5340
1541
7858
4330
8194
1228
2376
616
3402
2608
5736
1935
4191
507
1902
9689
1963
6626
6874
7107
8942
8374
244
4672
3788
7213
2519
1420
5894
7994
8356
6889
9280
7203
2945
9165
8649
436
1514
9683
7672
6753
2684
2590
4745
9252
3187
244
6429
122
7065
993
4302
4554
2246
4521
4395
7280
4094
1451
3179
6079
6015
7838
5491
7047
3243
6103
7619
6005
9252
5532
2891
2979
3616
1683
3055
8694
8748
9017
1948
3349
8130
1933
8518
8729
2808
5547
5960
9508
452
7560
7845
6214
3692
4423
557
8752
9681
6516
9571
8853
5107
982
3875
828
7089
9906
9739
252
3304
4670
2869
5319
2693
1025
7149
9652
3834
2753
4503
6621
7405
3067
4844
539
5540
7842
7997
4777
2543
9429
7947
7191
4002
3414
9772
174
9437
3120
8498
2231
7097
5414
9777
4232
8295
9940
5201
3443
3824
7244
3998
9675
8292
2731
5421
9828
6707
2579
5752
5615
180
777
727
2492
1125
188
3812
1372
788
8755
4959
4644
9366
2995
5329
6083
759
5880
7707
580
2649
3062
6939
3412
545
6825
8816
7509
6849
9621
4068
7757
6237
1340
8154
8448
6640
5958
7297
6272
5258
3366
8787
3459
8198
1046
7524
5126
1065
873
227
3982
3601
3324
5425
4215
4283
8666
3314
2130
3744
6034
3051
8097
619
7890
4597
1197
8613
8299
5360
5566
1089
3457
7175
7489
3461
5936
7522
5208
3468
6969
253
3572
8380
3308
6289
1111
3864
9682
116
9717
6320
6635
5432
1800
70
754
8215
6741
6283
6732
7948
3199
7942
7886
547
5261
2808
3567
3316
9435
8082
6371
260
5769
6597
3326
5148
3381
7125
3863
2105
8413
3723
3538
7605
9473
1491
4928
7714
5101
9714
4016
7056
1164
9439
6030
4415
3925
8394
8277
2085
9655
634
5840
5984
4583
6319
9799
1897
5945
7738
4779
5925
2794
2057
8239
9358
4070
4260
4607
9369
588
2106
425
2739
5636
3293
8803
5394
7862
7950
9862
363
5495
3902
3160
3007
1742
3168
2662
665
220
1390
6669
7640
7081
6226
3660
5157
313
3802
4917
718
8659
5415
9180
4431
8340
6598
9500
605
8541
7120
3101
479
3893
134
4997
2443
4927
6541
1838
6907
3598
4836
2328
7718
8278
9621
178
9535
2029
1935
1971
5278
5432
8728
7646
5987
5081
6409
9843
2504
6601
4425
601
4097
7105
935
628
7041
3930
6566
735
1499
6362
680
5087
3565
8067
3445
4728
6750
303
7790
1278
445
2739
8072
5328
569
3326
5970
5349
7788
8728
6650
4324
2399
6571
5407
4999
8436
5611
5451
2975
874
4794
3362
5726
74
8115
7608
9755
5382
2175
7242
5609
310
4502
5646
6733
8297
8918
8937
7936
1256
8136
1833
9291
9296
3889
3739
7560
3163
5072
9548
901
386
1705
4083
1672
1666
8696
1243
6136
9341
117
9129
4937
1400
516
4538
1123
5905
1556
723
1515
960
6620
5739
7186
684
918
3811
7092
399
2968
7313
1099
6849
330
7261
9902
512
4309
6465
3413
7504
9053
2639
7801
1509
8046
4506
5346
198
1678
7577
2290
609
5922
2244
3783
9792
8778
821
5575
5928
4422
1290
4277
7445
4051
6246
959
191
4344
6150
1199
4607
834
1836
3071
5667
3912
4718
7519
6457
7845
1112
1417
4524
1466
2861
8221
5252
1332
1896
2703
6932
5930
9146
9546
3148
3098
4544
2759
8168
9937
192
6848
4277
3486
7410
6915
5015
1735
2886
4599
8660
4648
3971
8219
7743
449
5322
9423
4527
4183
1200
5003
8704
9780
3281
1696
1723
1682
2691
4423
9850
3556
6112
7443
905
1718
5664
6769
1105
9576
9227
7036
7381
677
4870
9081
9256
4865
2938
8511
8656
184
9643
7204
1366
9408
7549
7756
7448
3064
4942
1582
7260
4410
4533
8985
2782
2492
3472
7631
2333
9937
6050
450
8298
9404
9892
307
7807
845
1393
4678
8545
1157
4136
4156
5978
5633
2631
5455
6933
5726
8403
5316
8694
2084
4968
397
69
8444
34
9544
9619
8069
1894
6077
1006
8511
4701
2140
6661
4906
8138
1815
6644
1844
5696
598
1143
6815
1360
6838
1798
1710
5210
2708
430
7765
1820
1243
4615
4592
8932
1273
6596
2726
530
1122
4206
2567
5255
4446
8100
8078
4838
9931
6250
4007
4848
591
292
9545
6429
3113
1563
9761
2396
1693
1050
5359
2780
685
429
7681
7802
4931
5801
6681
4656
5035
8860
6288
7026
8132
5565
1774
6500
68
7981
5721
5595
8528
8640
9957
6261
97
5931
5063
3527
2361
9130
1072
8496
8125
2597
2270
285
8044
3736
1593
1298
8782
2027
8563
8524
2310
9521
8468
2759
4875
3713
5879
1779
5130
5460
9174
2321
3469
4178
1906
2805
9409
1862
8131
9484
3029
6958
8641
7996
4792
2203
413
1759
956
4543
341
8197
8456
945
1064
6448
6372
2820
2089
7993
7999
6966
2135
1105
4627
4542
7348
4354
4680
2860
9403
1391
8430
9208
9681
5788
6058
3237
3471
2281
9113
9673
7778
710
9046
9978
868
6700
9475
7012
2781
6841
1625
3781
8845
4606
9235
6118
1865
2106
879
4595
1067
1913
3527
1341
9220
2338
6884
7401
4395
7286
4376
2450
9284
5687
5004
4411
9928
6715
7318
4880
1865
4694
5030
5121
3302
700
9149
1525
8255
3309
3960
5559
3793
7616
2772
3593
2099
9400
5179
3439
2890
8279
6438
3957
3021
1045
5817
5255
1508
9548
9832
571
4658
5588
9402
293
8467
8539
8140
9745
757
2386
5363
9277
9691
6783
5593
14
2958
9527
4315
4282
8906
986
3721
4822
761
6589
9650
4674
5724
2735
2266
5565
6278
388
7448
1870
7608
1317
3279
8110
9468
911
316
6880
5268
1427
7396
5068
4807
7385
5631
85
7621
1647
2929
8711
4930
8282
8382
7200
3221
7536
8378
7474
3540
7377
3126
4871
1459
8654
4445
2969
7627
4107
9247
9160
8474
4546
2900
1449
6382
6030
3778
6395
1219
2655
9028
1214
9536
3110
6989
8660
9177
3516
4241
7767
8426
7537
9510
2216
9722
6196
1181
1545
7660
8267
55
5566
4463
3583
6512
2259
2674
6732
5014
7989
531
4449
3035
2816
8299
2439
6948
3926
5476
2556
2105
4366
4570
5544
1598
4110
2387
5548
3499
697
9588
5957
3986
9896
6700
8725
3685
4200
2898
9549
4869
2309
6567
9372
3151
4498
2241
660
9071
8028
8277
9343
9522
427
2095
8263
6588
2949
862
5955
5149
1249
4105
8989
2470
4306
7041
1744
7200
8102
3978
5924
3888
474
1657
5180
9794
8236
8631
3527
5691
4183
2996
3791
9171
9424
2925
1547
5073
8513
1476
1457
6698
7147
9128
8675
6331
4632
4024
4753
1847
707
2007
5830
8532
1218
1688
9027
453
6143
2091
5921
3567
2292
2205
8968
6767
2889
5819
7186
2790
1448
7553
4569
1675
7320
4805
2388
6630
7390
7765
238
3123
348
9691
4200
9736
7677
6603
9444
3941
3472
9421
7219
9670
5723
1123
3946
6030
831
847
5323
2223
9115
1325
5601
3302
50
5847
8473
7166
8012
8063
2500
6473
704
2154
5366
2414
9514
5670
1866
1949
4215
8731
822
4377
1142
161
8680
9771
7905
7723
8868
1609
6251
4252
1793
2036
6301
2432
9121
9253
6936
680
2041
7353
8566
6238
2155
2458
7310
4023
2967
3708
1444
5741
5293
532
477
8945
8909
5077
9377
2423
5649
2396
6553
3966
2998
3060
640
3493
1977
7915
8496
4852
333
659
4482
2154
621
4806
6283
6006
5359
3192
5474
9847
6922
2468
7528
1070
2318
6202
3919
1257
3438
5265
2759
2936
914
7494
9056
7886
9474
6806
9968
5027
1067
9127
2658
8603
7087
8419
5674
5773
6392
1212
9065
2426
7809
7117
7921
6558
7369
9606
108
2965
6093
2508
6410
2877
4757
1429
4246
3828
8052
886
2511
9678
1387
1062
5295
46
9624
237
5457
6870
7242
5514
660
134
5985
8224
2379
2629
8429
3101
6335
6049
7577
6773
172
5885
5455
9169
3636
9140
8716
6283
9819
7724
7323
7656
7078
1088
4665
7380
6509
9167
1464
9537
5045
7022
5714
3455
1386
6688
8924
8
8526
4493
6225
6032
4884
2162
9388
2139
2166
9037
5072
426
842
203
9236
6327
9665
8565
7137
2152
2036
5206
5673
6635
4407
2157
5385
9204
177
1184
1835
1448
3979
3810
711
6010
8668
3035
7640
1107
6694
290
3845
3999
581
161
955
1034
6170
370
2052
9100
4605
4894
297
8990
3072
2496
7921
6529
1100
9217
5113
6836
428
6793
5501
4296
2902
7001
5863
5955
2378
8602
5034
7656
1437
441
2112
6223
6035
8981
7185
1921
244
1460
1845
2402
6979
3363
1506
2195
7940
381
6535
8752
2140
8492
4107
1944
1993
2170
6965
8009
2542
8049
1648
5134
8860
9030
9343
1532
8556
4227
8
5788
7612
6658
2738
1809
5035
8723
3957
4201
4727
9735
9269
8621
3152
7467
9404
3951
2443
6091
7590
4516
3211
774
3711
4088
3138
4935
2332
9839
1943
7553
5543
5014
6349
3580
1157
1799
1950
8278
5070
4643
8569
913
3814
241
7717
2220
7419
5307
509
1817
1973
7730
2675
2476
3051
1456
6629
7562
6526
2214
2513
3117
2538
7716
1646
2859
3073
5230
8771
1268
2718
8807
374
6372
9411
7081
9647
689
4796
2954
9792
3930
5835
4056
3033
2224
1378
3911
5955
2301
9277
4995
5084
1197
7803
9485
9649
4933
4021
9309
1266
9748
1037
1793
2039
7243
9163
7853
256
995
2627
9
4794
6594
3011
6118
7705
6620
3642
6945
7634
5816
7026
1272
6970
5430
466
647
6343
4555
8656
9647
3833
3598
8679
542
1578
8464
543
3463
155
1490
4385
8354
6511
4166
3332
687
2334
196
7450
2196
5020
6025
2926
5318
8215
403
2781
5497
5915
3915
1605
9635
7781
2665
5492
4819
6340
9165
2374
5380
8661
1084
3872
6600
5812
5742
3256
5789
4505
2478
3807
9834
2472
9554
1888
8603
1938
8116
3027
4925
6390
9852
1432
8988
8516
4341
1337
466
9085
3876
3131
1024
584
2470
6795
4894
8218
8023
9717
3572
8386
1680
8081
1637
8531
8968
2850
2446
344
5446
4561
1693
7554
1621
9434
8019
1276
3874
8654
6470
1922
4123
8804
342
8978
3609
9369
9248
5767
9975
5713
3544
2412
8169
7540
516
6326
9340
7626
4830
8726
7171
8567
8986
9692
7542
5824
8084
3267
4198
8259
513
4732
7836
7971
6065
6407
4985
4892
1291
2981
371
1140
2151
3946
9938
4233
2772
9259
6511
2846
2781
2401
3595
7835
9854
7321
5285
8907
8158
2713
2682
3956
2308
5367
6891
4199
6184
1299
3083
4715
5684
2010
8736
4925
7188
3583
5246
4140
5286
3405
1187
3749
3297
2006
9193
3832
7418
6634
6815
5057
1197
3448
1743
2781
8096
4045
7692
7075
555
9432
4961
9754
7278
7190
7857
8828
1715
899
7714
9468
2612
3237
3640
8154
3158
475
9750
9816
9842
501
4130
8990
5808
8650
6310
2088
2669
5551
3355
5431
9438
6288
1426
4833
7828
6765
5005
9551
8179
9249
2724
728
886
5272
6363
9237
267
5927
2460
6154
2617
5130
8152
135
8168
2691
1843
6115
9177
3880
1037
137
4333
3303
7836
3881
4357
8959
1364
6878
5078
6691
5109
7245
1542
5408
6018
3503
9489
7862
8520
6649
6062
3832
7853
632
3832
4385
7353
5147
5661
3539
9635
1311
3317
3273
3691
2199
5070
2312
1582
4971
3463
2625
4957
7048
4937
6468
3684
1882
3957
2221
1146
8333
950
5591
9360
6045
936
2838
5249
6061
6089
2130
739
5117
7155
3911
8304
9553
6806
1857
9948
5351
1079
78
9978
6515
3465
4185
2915
6797
4649
7967
1274
2252
4792
1345
120
9965
1856
8352
6238
1621
8153
9837
6659
6260
5726
3707
8994
1671
9673
6113
4420
3309
5217
829
9233
2121
8794
5762
5524
6857
8515
4394
471
3282
7786
200
802
5501
9607
1704
7789
8567
7569
8993
4576
5106
158
241
9314
5966
4701
6625
7854
9759
2615
9208
6850
4404
7491
7894
3072
6766
5098
3437
2258
9749
5519
7388
8994
6785
5390
9456
3105
1565
3223
6207
234
8707
3347
8090
9504
3089
4696
3778
2195
2991
8358
8067
3280
8637
5878
4487
5798
9633
7260
3919
8599
9239
5625
535
2834
2731
2697
8233
888
4735
7218
8906
9025
6619
3850
3325
3724
860
6221
688
5759
5192
3607
5120
4196
9355
7636
6949
5972
6692
6572
4257
6509
6123
9748
3453
3440
2171
9758
2952
5649
1017
2792
1992
7937
917
7369
7850
9339
581
6974
3366
8230
3083
1581
9060
6506
919
8277
6323
1664
5525
7835
4979
4893
7832
7381
7347
3566
7513
2453
4899
2821
7194
7004
9151
1852
5010
7446
5030
1278
5237
9956
421
5645
9363
6546
5691
549
3888
8882
4035
2904
8851
1795
6020
8050
2502
9007
4568
9973
9787
6163
8214
5298
7803
1388
8287
8908
8671
9328
4903
6854
3029
4526
422
4608
4905
906
9698
32
159
8954
8408
7617
1226
6567
7179
5016
8680
8151
9300
405
4717
3887
5237
412
6033
8353
2933
7009
8766
9365
3953
4155
3758
5631
70
5527
7977
4128
6349
5548
7933
2517
6638
4312
1191
4310
2308
3884
6564
6989
5108
8625
4582
6180
4221
7631
913
2054
9273
3713
9854
626
8812
9449
4649
7771
4157
6431
4585
7165
7987
3886
6971
9692
5220
3737
6116
3495
3999
6345
8007
9966
7149
6923
5319
1544
2293
3204
6126
3019
1974
4086
5792
6467
7492
7429
9100
3722
5863
7202
7772
3808
2861
6507
3417
6378
5535
7027
2750
5890
8692
1006
3195
7268
8202
2678
5644
2456
8909
2400
2455
6165
8387
1813
8451
6395
6119
4489
3375
9374
2303
1782
9813
2817
1469
2928
437
4780
9564
143
4099
642
364
496
8625
2312
2772
4077
9025
3793
3014
3958
2413
2475
9147
8460
966
5040
6727
8887
5519
2316
4469
2161
8117
2622
6959
9716
3206
1715
8450
6051
8518
1570
2578
8875
7997
1606
2478
1613
3869
7797
8329
7021
9753
3927
2971
7812
61
2236
3101
2384
824
9310
951
6548
9862
8692
3696
4658
8545
5592
3649
425
9073
6346
206
4307
1846
3872
6379
9425
331
4396
9024
424
9233
9200
4719
3671
2981
4865
8021
6682
2783
4200
8486
5479
477
4456
6448
1071
1196
5313
9237
2860
2675
6442
8074
1100
4957
5871
5384
6698
1821
4575
7798
7544
7331
5737
9005
9990
9150
3610
6979
8434
6578
6700
1891
3858
2293
3228
4467
1496
7882
7862
6863
571
6012
575
5740
7335
9701
9395
721
3212
6366
1282
8338
6763
2769
9264
9431
154
2680
1264
7898
3391
6887
8457
250
4339
1497
7574
5939
2222
1920
1115
9964
4344
2695
7919
9116
3269
8702
8514
670
6493
5132
4539
6991
1311
5574
5165
371
1468
5666
9496
8601
7464
3547
9691
1513
1704
4612
5753
1281
2895
5922
3653
5731
1845
3976
3944
1890
3027
3678
485
9333
8211
2724
9030
2478
1951
41
2101
3594
3855
1240
5739
1184
9914
2222
3960
702
7843
7494
3280
1586
937
8954
1015
2185
3644
1972
3450
6678
7932
5745
6038
9426
2045
1003
8961
3760
9116
9547
5093
1477
5392
3087
622
448
1603
5322
9317
6834
1554
9611
9054
3420
7495
5896
1558
1824
7088
7982
1225
672
8221
3204
7598
5639
4183
1670
259
9886
8618
7380
2944
6520
2508
5683
9619
346
773
9139
4937
4221
810
641
7101
7420
468
3513
8692
3232
4774
4916
6188
2602
3693
3144
2200
6562
945
8295
6238
3345
5786
8899
5117
8936
7686
4838
6056
1837
3751
5551
209
494
9875
4542
7830
4159
6550
1783
5817
2076
3042
6097
102
4239
8916
618
6813
3457
8747
8281
7985
6362
805
9800
4951
460
3532
2458
9461
462
1279
3464
7151
831
2911
4959
3335
3739
3609
9104
437
4885
5906
3336
619
6809
4715
6065
8984
9296
4830
9311
1810
4357
5942
5723
3335
1034
2671
9623
9383
1833
5132
143
2251
532
9987
8666
8634
2633
4637
1238
5392
2519
3725
3204
4448
509
1122
5552
8389
518
4669
1917
4260
2486
6897
908
3488
9517
1097
114
5686
5639
2097
2155
3054
3185
5327
1957
1615
6595
6506
1573
115
2055
1301
2672
4862
6536
5746
6749
7335
9938
9186
6783
6699
8573
4970
5829
3189
3542
8406
2496
5848
7208
5427
6152
4795
9811
1881
4828
2198
4740
5926
7747
9090
3754
287
9580
2818
8082
6397
7769
1576
8758
9346
330
5843
29
7633
3568
9120
4335
2496
308
9918
1798
2283
7560
6746
8352
2278
6993
2056
3525
6624
4157
5734
7285
2192
9712
6831
6765
8112
1477
5643
3947
1832
9455
878
5006
1024
5332
1692
4094
158
9785
2662
7741
67
6383
6470
6376
5301
709
683
9240
7001
5414
7218
9059
2516
9627
143
4625
7534
5103
7207
8791
7537
9607
5242
6452
4328
637
797
8339
338
5390
818
1942
3804
603
4704
3770
2554
2027
7389
6236
4703
5065
1101
820
8262
2869
6553
1612
4374
1015
2114
738
1346
4261
3533
7642
8261
9708
314
3563
9954
7046
5385
2543
6385
8959
5948
2977
1763
228
3517
2965
650
564
5186
1352
5644
3768
8780
8875
9776
7747
160
8544
6827
7211
3317
2747
8701
1217
673
7594
9649
3205
8831
5207
2548
4066
6819
3420
6441
5384
4789
7909
9249
6496
3274
2599
5426
3124
5390
7694
4649
6651
9000
9511
1092
8400
8887
6193
7278
4905
4120
3817
1389
4665
8869
5945
6438
3055
8899
4274
4544
9962
9613
1810
6195
6873
323
352
971
8231
6355
9915
1004
5534
9981
883
3739
6015
1084
1711
8086
3144
9304
8436
337
9882
9097
3869
4336
8860
356
5166
720
8881
9327
9976
3331
734
6147
8903
5446
5822
4369
5562
5145
6861
8109
685
9201
6964
4342
6401
6147
7313
4069
8708
1833
6488
958
8929
2635
6082
2569
4267
833
1468
12
2903
8558
5882
5496
1090
5269
1586
4349
3162
5089
9019
3873
7528
2277
8209
650
4471
9892
7165
8078
3031
1717
9624
6142
1121
9998
9890
8019
6159
7080
6751
1770
8435
723
7203
8988
7600
608
1888
5585
8121
5019
8102
3610
695
7509
3619
1462
6687
2475
4963
5462
1467
2301
9819
5764
8801
3022
3931
1812
2092
5631
3929
4972
9704
5245
7610
6192
618
4296
7065
839
5504
5385
8135
718
1779
8220
302
3160
1025
9249
3954
8204
8746
3587
1594
2400
2080
2038
9568
4200
9451
79
7915
3378
7257
3654
7502
3185
9887
2046
2530
3582
9354
6648
3954
638
8580
6828
2338
3479
6438
5196
195
660
6757
355
4985
2574
4529
7678
2483
1077
3140
7975
1566
5507
4597
7293
918
1071
9813
8429
2462
9355
6587
2297
2654
7792
1571
9173
4444
6778
2768
3587
3687
5488
812
1808
7410
3675
7150
3497
1985
9990
6116
1848
7452
1548
8123
3934
2004
8335
6374
7463
7880
5360
9419
9047
1427
4906
9901
1891
8714
8913
7534
5137
1297
4257
3120
7750
7499
1537
6742
1883
9966
9495
9173
4397
3759
8991
4724
3679
7604
5828
8992
4848
3971
9995
7919
5636
4397
5695
638
9460
9196
7215
5478
231
8578
5602
3111
8021
3090
7136
1075
6932
3803
2359
6138
8269
9264
3088
9911
6807
4056
5653
5174
3999
1560
7684
3667
7430
3010
4644
8802
7021
3987
5062
7988
1981
8151
636
2155
7350
1682
2451
4605
6518
7553
5992
522
1419
7205
9651
8504
7785
7972
3418
6537
2774
2992
88
4125
7372
6865
4962
7183
3815
7525
1149
2166
3652
3071
3659
3302
4794
4259
2977
9791
3088
3920
2982
4982
7339
6427
8766
6498
4712
7748
2706
7893
4224
4459
238
7728
5230
6508
9223
3463
4831
2535
6371
6981
5311
4498
2697
4923
1946
9153
7985
1653
7782
8514
7104
9715
1449
1101
1635
2943
7959
4892
9085
7886
596
16
9517
6607
11
6965
29
9314
2921
31
7697
553
7430
6011
4915
4455
1065
4210
5626
2749
2131
3170
1729
7976
6691
3938
4326
198
2909
8745
1661
3289
7180
7864
8440
840
4851
3440
5486
8698
5853
9690
5979
2134
6252
6898
2300
4285
5945
6497
4000
2494
9188
5551
3032
3387
4034
8656
4962
4975
597
2594
2140
5235
8363
2055
1159
7772
2194
9792
5723
891
4157
9973
4831
9802
3264
1030
7148
625
7241
4216
3218
9008
465
5334
3362
2180
4114
1681
1647
9295
1928
8919
770
4181
4575
2726
1211
4567
3925
9503
249
707
5625
3610
1680
1829
7991
4303
3766
4112
3684
1016
5162
588
2236
7824
6520
5108
714
4160
6215
7923
5482
5133
3081
7631
8973
2237
9696
7825
2487
9166
8957
9963
2433
4985
4261
5418
4389
5589
1134
8985
5885
5807
108
6251
8334
4019
7095
2677
3462
2070
8719
6834
6569
8076
2214
2660
592
8963
4171
5410
8599
5346
6865
5187
9525
4512
600
4705
9182
7367
7623
684
826
4052
6352
9584
5032
6337
1097
4330
589
211
1453
174
6129
850
7128
9354
8582
9021
9180
2084
127
8478
3616
6338
2594
4932
6329
139
2887
187
7498
3230
6218
7613
987
467
5343
6794
2584
7408
5126
9290
6861
1315
6598
1601
228
9037
695
1042
6798
4653
4486
6778
8411
9339
119
3488
8551
6497
3231
9122
3773
9192
538
4509
3813
8260
9136
4556
9027
9148
9972
6898
8974
4141
1587
2522
708
2600
6012
8968
9281
1572
3890
327
8061
8804
8105
995
3694
4541
6584
9795
6124
3017
9134
3958
8168
8183
770
8026
1601
2513
1094
8618
156
3574
8260
3137
2456
3111
8914
9302
9100
5970
7649
2240
2260
190
168
8376
2010
8617
1730
9376
4626
5395
6468
7380
2149
3327
536
9787
3637
4081
9155
3248
3446
300
8228
5541
487
2921
930
9156
95
1401
3729
4994
2229
7674
8144
6513
8771
4752
3047
9663
7223
4956
9350
2731
7054
493
9869
3363
7300
9005
6203
6163
2462
9800
5434
5139
8554
6849
4107
5032
9866
6002
511
2711
8313
1688
8457
3756
5255
9883
6297
6744
7934
3198
2489
1808
2299
3061
723
8728
5303
4717
2462
3243
1614
3714
9747
5870
3766
6263
6786
9672
9037
1719
4389
1855
1924
8842
744
8356
4558
593
2235
5565
742
8135
3000
9760
5347
9339
4872
4314
1471
600
775
5114
7677
3678
4441
2311
7303
1045
3693
7692
2938
7604
6860
3142
541
6176
1097
5907
8187
3163
7886
9537
6999
9972
5123
9230
113
306
5222
9719
7423
2347
7536
5067
7262
1093
5018
5527
1075
5705
8379
5890
4614
541
9599
1623
620
2570
7800
7623
2059
8105
8480
6657
3010
2884
8633
6570
9452
6920
4753
5422
8003
5514
1904
3672
832
7209
7680
7583
3940
8205
2534
4318
3159
2746
3801
7677
1983
3315
9860
4398
4474
8840
5649
6718
639
3811
4058
4700
1704
2483
5775
4032
5746
5775
4515
8055
2791
6208
7213
627
425
9327
9011
1188
3437
8344
5578
8191
3734
1839
936
7411
7876
784
5487
97
7518
4571
4523
8177
1
5888
6353
2505
6973
3821
1373
1933
795
9254
4329
4278
7714
3588
7782
9849
8768
173
2988
4997
3248
432
2856
5468
5236
617
1597
8748
6795
238
8055
9776
6478
6406
9507
9043
3545
4296
5525
2192
1063
2158
7298
4708
7928
4274
748
5686
4377
3714
9787
7380
4392
9321
924
8305
724
7142
6772
6697
4464
8710
1745
5990
6880
2490
6099
7337
8062
1986
5140
6435
9586
8015
9305
7243
3230
8290
2446
8107
9320
7344
9965
512
3340
9734
3542
6519
573
4875
563
1677
8502
1020
9456
5680
7188
5611
5737
2654
598
9486
5744
9827
574
5070
5118
7559
5285
2304
1767
2431
4602
8359
7871
3570
2907
2593
6376
1455
618
5858
6832
5738
8501
6923
9318
509
488
5785
4531
677
3720
5378
5593
4928
9613
9509
3151
5327
9296
8894
7064
3491
6641
1039
1942
6545
9469
6725
9595
4540
4388
6222
6855
5004
5273
1212
8508
8469
2272
6749
9453
8469
5973
9810
7082
269
1485
6756
3042
6433
1485
4788
2114
8436
5825
9688
4605
7715
3784
9856
8324
8434
8070
7907
5480
2134
2688
830
670
6427
7371
5243
3147
1036
4427
9584
6789
9472
9603
8610
7353
1384
2719
2818
2974
3365
6488
8849
9206
4225
7108
7658
2166
2547
1649
8975
1179
9136
241
1664
3318
4801
9208
5502
705
4588
9847
2483
7817
4273
4310
9488
3496
543
714
6984
204
6256
7365
2072
3547
2354
5038
343
2086
7214
8761
4420
9730
2328
5995
1292
9999
4722
8252
4890
563
5711
1421
9620
1395
9621
5815
6632
7465
4785
6131
3168
8205
5526
7758
1435
4749
4430
5229
2012
1217
5945
5867
9719
1047
1639
1383
3096
9475
1937
7360
5962
8029
1279
6102
6102
3576
5706
3552
4359
8135
8611
4328
7061
1926
5487
814
3266
8427
8166
5239
6729
6895
1486
1957
7748
965
1062
6457
1851
8297
2761
8861
6430
6059
8934
9749
2044
7273
7860
40
8250
174
5699
2864
2244
1843
4445
3504
3948
677
5094
3213
2106
7162
3801
1052
7301
4061
8979
6227
6755
3394
2772
8795
6869
5484
300
3158
7414
418
1336
9379
8060
6271
7535
933
7088
3625
8725
7154
1080
5580
4555
6168
2885
3647
6762
1157
6391
90
7764
9518
5459
3929
960
8372
5629
5706
9212
3987
9109
7075
8997
148
8146
202
8027
5469
1300
4214
9240
6366
1293
8785
2461
9696
334
8916
3463
4626
8283
4787
222
3929
4731
2524
6194
956
3656
4587
1860
6970
3713
769
5707
7348
8570
7372
7547
905
4623
3681
2480
3641
3298
2239
4972
9202
4134
3450
1572
905
6856
3996
4806
4273
451
2039
4275
6828
531
299
9633
5284
2378