2699
9754
6950
9294
6453
9368
6560
379
30
3800
9890
9638
8516
6124
982
7697
107
6567
55
8552
660
6093
4757
1656
9760
3466
9225
6068
3755
3828
7154
9124
8568
8633
1187
2745
8873
8064
5460
3013
352
8251
4794
524
3323
2894
3398
4660
9613
3618
3538
9306
221
1925
8315
8162
4600
3553
3665
9000
9013
8373
5533
2917
4854
6711
9528
129
5860
5293
2447
3102
3960
586
529
4035
7176
879
9506
2976
7596
3649
8411
8141
5245
4676
6898
8917
1747
2009
8544
7532
5181
8520
2016
7677
2677
1658
9606
3981
9003
2636
1278
3692
6730
3622
4700
3473
1461
8199
918
6014
1269
3682
5508
2731
7819
500
3990
7006
8005
6121
9269
6785
8928
3915
4085
8986
910
9088
6150
1392
2169
292
6603
4952
1903
6584
4778
60
9075
438
3028
6512
7134
361
1129
6851
9064
6117
3907
529
5329
1377
9925
6712
1675
989
1273
3739
6055
396
9743
2669
9895
4436
7757
7951
5307
7175
4202
6571
4981
8164
9049
8836
5117
8382
1884
1927
7917
4333
4589
1473
6437
4019
1454
953
8448
1241
9960
4029
9915
6979
7252
4376
2178
9239
3152
1009
1761
4065
4068
6286
9755
5110
22
6090
3919
2200
8443
6228
3669
8894
1530
9382
6961
7157
3495
8957
7021
4857
2520
7676
6304
5156
8271
2284
8920
4064
6985
4297
6256
5647
5430
7549
5018
8145
2966
2229
4864
4424
1711
5204
611
5043
2877
4151
7695
4974
2236
9735
5655
8079
4348
232
9626
2223
9700
5579
4986
4403
2029
6600
3602
3249
1550
5510
758
2226
515
8261
8494
8558
7805
9505
4225
7516
5005
4355
1005
9179
456
3501
7848
6878
5960
3408
8107
9869
972
2794
1913
3364
7085
816
9072
7969
108
6681
7714
2007
3665
8848
8856
7622
1358
8656
7523
5983
660
8164
7645
4037
5205
7886
3906
8926
6556
1145
4746
5549
9966
638
2247
8129
3204
6097
5386
2348
3318
9216
351
2858
208
1552
7069
1293
5911
8931
9220
3246
7190
8395
3875
5485
4051
8384
6155
9528
945
4784
4988
9102
8855
2493
1217
2842
2255
8498
9576
5570
1546
4841
1710
1156
6293
5199
5960
5875
8535
9258
1710
5388
6342
6429
6594
3814
2179
6092
2595
2430
6164
3172
9049
4658
4007
9835
4891
3294
6139
1890
8825
1169
1651
2279
4258
8804
7411
5546
4409
4914
7472
2915
1618
6036
8805
2146
5448
139
5733
7949
8922
1886
2734
86
2853
2059
3791
5592
468
281
1371
7845
8609
1620
1167
689
9608
5805
660
7860
4003
5128
7954
419
3752
7235
5373
9473
6836
6007
6105
4848
6218
15
7151
726
7357
5659
2580
5960
1256
4389
1956
5121
9964
6163
7208
9309
3286
8594
1315
8501
3084
2814
6665
5132
9363
9683
3806
371
3728
4033
5405
6928
2840
7419
6771
7598
6848
5344
8395
1805
9523
882
5004
6920
6865
2654
2592
8445
9939
6642
5066
2691
7906
9520
5097
1603
7311
6118
3436
5202
7536
6413
8816
8146
930
1677
5882
8277
3911
1528
3367
1783
7587
9806
6235
7025
5814
2398
8753
237
1388
3969
5351
5402
5114
2693
1812
1645
4577
1242
5822
5253
76
2293
7393
2251
672
3228
9645
8638
6978
1338
596
8765
7578
7808
7948
6955
4200
1085
4483
522
646
7512
4829
8354
2568
523
5988
7856
8316
2937
5963
4520
5206
8984
7166
5837
3606
2770
8815
7544
3265
3265
6459
8580
4286
5454
5066
6323
8215
8581
9411
5897
3708
4763
7429
4603
615
5057
1200
3603
9158
6426
4579
5410
1633
2719
3335
2855
1546
7936
6457
920
9833
4575
7072
6424
8240
8523
9961
3731
7672
9638
8368
462
9347
1103
7960
2773
4709
2299
7498
1710
3366
2298
347
2437
1287
1140
6037
6911
1361
9348
7638
9171
3625
8764
2762
3395
5349
6704
2195
7689
9298
3280
8440
122
4617
7636
7115
4122
53
5307
6741
5831
8042
3397
5197
4033
4092
9406
1282
8875
184
8165
1336
7815
8328
5353
1743
3753
5148
4095
1165
9051
6554
4213
9257
1485
570
1369
574
6044
2428
4318
5878
4194
2080
3735
2284
7558
2419
5653
963
5633
455
3361
2386
9916
3988
9018
7795
7514
6424
9237
7221
6287
1379
6369
8648
1778
5049
3790
6564
5309
5801
4836
6047
297
4423
3119
6429
9145
8250
8622
9123
4965
4547
9817
8756
2618
6168
1144
8439
4088
6053
5147
2653
1829
7494
8903
3696
9848
280
815
8866
5019
8813
7334
359
778
2948
4575
8869
5618
590
2927
5827
6311
9966
4652
6443
188
6902
9881
3837
6715
1498
5690
798
3712
4590
5557
1008
2199
3654
4376
4810
6855
7314
3228
6419
4283
513
2638
9756
5023
4213
9546
4828
4485
5773
861
5989
8276
4582
377
2958
8480
6875
3224
5258
8305
4546
2531
8323
4758
8358
6436
989
5335
1382
770
5303
9290
3296
5349
6629
6550
2761
1599
3821
1497
210
4378
2940
1205
3729
5005
7523
16
9334
3270
9486
49
1620
8787
2739
3751
8959
576
6859
3190
7081
7235
1844
9080
6349
2946
6127
421
3178
3809
7940
6553
5792
5446
6319
9858
5879
2902
6925
1929
2168
5603
8822
7117
1252
5747
9028
6140
4831
955
8948
6084
8138
6264
2981
2329
7949
4842
7485
1568
7815
1471
8627
3300
1407
2351
8211
4034
8322
3192
7315
5893
1147
1257
6768
1617
6474
2635
9514
6512
1236
3662
9205
9447
8548
4379
6831
8820
6028
7445
1228
8440
8492
1568
3125
8632
7146
2865
32
8925
7310
8894
675
5853
5550
84
2058
6106
3969
4538
1981
3839
9304
6804
5848
7651
9804
2372
9364
6025
7189
9791
6658
792
9581
8551
1963
4516
8641
4442
6884
7743
2294
6624
4470
592
8074
9088
1583
9490
7544
6577
7143
8997
8609
8447
8875
7896
377
9392
1000
2988
8682
1142
9493
3715
403
2848
4702
6421
9550
9456
1607
6413
5750
3536
6810
7166
2569
2083
4749
3542
3282
5367
9581
6823
7544
4611
3532
4289
7383
6085
4195
5411
6272
7325
4575
8766
1291
2068
2784
5987
1264
7167
7650
4813
7404
3353
6966
3627
6569
415
7122
8426
9902
8853
6057
9448
6848
8661
7472
7042
8858
149
4988
9038
1915
5365
825
8697
1431
6333
5131
6435
3593
5329
1008
7961
733
2616
6469
3654
8291
8704
1149
8641
3655
8533
7376
7923
3708
7655
5634
703
9977
877
4836
383
8472
6426
5575
2060
7568
1277
8265
9951
4459
4018
9236
2495
493
6711
8609
7758
6493
2386
6855
2156
7064
2269
9049
1652
8003
46
3788
8721
8613
1463
4565
9206
4475
1774
7936
28
8067
4785
597
9882
9729
9318
3722
7918
4296
7534
8686
2098
9554
9340
9879
6785
8676
3371
934
7245
5076
5021
6962
6348
3790
6999
5639
1472
6053
6341
9412
9477
5066
6203
8143
9943
8233
2829
4523
7177
4752
7574
3012
9372
6393
3048
6640
8218
4969
5056
4532
4671
4771
3137
6544
6453
5232
7036
7635
9248
5562
7148
364
8296
7655
411
4963
3847
4449
4231
21
5896
5899
1914
6858
5652
319
5523
1433
8955
2063
5032
6315
8245
4554
6634
8322
5699
1155
1290
3295
9892
9243
2779
2781
218
3014
7647
4843
328
4994
6134
7528
7863
690
9930
8289
5401
8405
6130
4884
3769
3570
3770
4853
3793
3447
7829
4324
8053
6875
9432
4859
5397
217
5831
6729
3196
9720
1484
1012
4575
7172
1671
2667
7488
8977
4195
7351
1983
1030
5780
6739
808
4928
5711
3530
7372
4826
7404
473
1381
3550
1585
6576
731
9401
1964
4411
9412
2522
367
1883
3603
5314
9414
4420
8686
8915
15
4882
8532
4725
5356
8021
7772
8678
7906
7332
7471
5816
1662
9438
5171
6886
1333
5000
1929
415
5803
398
7052
934
631
5869
6883
7319
9009
2900
2151
5962
6676
6688
2850
9629
7565
7215
8359
704
9223
340
1768
4020
6300
5492
1735
955
7583
7068
2707
4768
7283
5137
8315
2683
1940
5718
6451
1892
3884
9592
8484
7628
6452
6425
1664
2864
1650
1918
9684
5736
2797
533
3841
4003
192
8267
7492
7701
1458
3045
6823
8441
5673
9465
8203
5209
2128
8740
2286
7636
9417
9986
1019
4136
8564
7601
2577
9950
1484
4690
5235
377
4066
875
3682
167
786
6620
2425
9791
550
5413
9960
956
4107
8488
861
1761
3334
628
5341
5084
4769
5179
6960
3849
1517
7252
6643
630
1625
3906
4213
4880
412
6335
3114
3318
2070
7083
8509
9428
2374
8853
3712
5724
6220
9260
5959
5083
799
5132
6060
3869
3371
8527
1742
1301
1633
7661
2072
7902
8648
754
7115
4286
2563
4895
2201
7430
5429
1918
3274
1684
3006
2280
5872
3357
5975
6580
8140
1834
9624
3526
5289
8614
1453
1267
7422
4845
2658
4284
8762
4050
9314
5264
2535
857
1060
5668
8889
1975
1404
1990
2333
1657
3673
3644
7922
3940
8418
5407
9396
7888
2418
6692
9702
2050
6551
215
9025
695
1034
8232
2039
3743
3974
24
9304
3993
5583
8074
2354
3360
1766
8765
6496
8942
2952
7491
7016
8272
5458
5884
9471
3790
3914
872
2360
9522
630
53
6749
2484
3277
4260
3586
1976
5376
2965
7708
4567
4530
859
5399
3252
8948
9164
9913
1645
7695
2536
5844
963
9288
4145
8220
3845
9571
6810
2219
4593
957
9955
929
6802
9057
7241
5382
829
1645
1559
5050
149
5733
3716
6439
3621
2410
1120
7216
7957
8793
2234
6723
7842
7052
4208
7738
6041
6776
5462
9669
5206
8961
2892
2155
9216
1209
7660
5374
966
4579
2853
4783
7579
2033
7629
1690
3515
5250
1494
7891
1664
5495
7054
3116
3659
9166
5341
5929
1969
64
22
4020
5239
3508
4960
9874
3752
4882
6639
134
6272
7778
915
6478
3754
6865
4583
8852
5968
5492
5763
5386
5490
571
130
8396
7047
7878
6441
5939
1070
5305
7685
5544
7878
1849
898
1495
1423
9012
1844
8096
7168
7205
2109
1731
2758
5063
8040
5324
8
261
4685
6265
800
7649
8024
728
616
6196
7741
2688
6222
9487
935
5998
1574
7004
5557
1923
8166
8952
5225
237
9459
9455
8546
5829
3402
7870
7367
7981
2678
8825
6262
2349
7622
5682
8388
2963
6153
3729
1824
9281
3658
3778
9253
5526
7401
9438
5728
422
3020
6585
6085
7137
8450
4099
6665
7371
3820
9426
2325
160
7096
7675
9669
1483
8207
5491
9222
7119
8451
2701
7710
3572
1289
755
8274
8379
3468
2680
6334
9325
8762
4460
2252
9770
8674
691
8859
2684
3278
1834
7027
8478
4734
809
4345
8287
4960
4166
4650
2721
9994
9443
4168
225
3669
3618
3898
3046
3926
6698
8492
8654
6836
2653
4957
9605
4322
6766
6453
7405
4733
4152
9746
1783
1007
1089
2772
9307
8555
4820
9481
4954
3738
2046
4389
1884
1136
282
6127
4787
7179
5510
7417
4425
6006
5280
2375
3477
2870
7190
7628
3113
3527
7732
6330
6780
9984
9462
9456
8863
3954
3473
6129
3494
1412
1186
5612
3279
3983
9017
7897
4379
9704
163
5056
5609
388
4419
5367
9335
7928
2674
19
5660
2631
5633
8053
8814
7501
8705
2544
6083
1382
4608
7238
6464
7158
3654
2906
6110
701
3036
5271
2978
7458
1142
1511
4330
457
4710
9481
1584
202
5146
4563
2901
5093
5560
3949
301
8966
7641
1688
7739
6397
435
7231
5764
3437
4990
1913
2796
3927
510
6786
9948
840
5271
7061
3551
4111
3308
2303
807
3740
7817
3661
4939
3820
5629
4713
7049
9577
4429
6962
5916
7328
5698
4000
1692
7042
3885
7404
9722
4073
6978
2530
4768
4410
8994
7804
3814
74
9686
2174
5576
7599
2480
4257
2467
9549
4462
9168
4016
1352
3088
1678
6474
322
5786
6490
5707
7831
7372
7843
5648
3161
8242
3289
4847
2881
3987
1738
7120
3561
9825
4689
6111
9191
2701
7638
6747
217
6238
2147
8480
4855
8528
9447
7256
1733
519
9354
5791
793
2361
734
1158
3914
7275
8998
9852
6768
1119
9304
8177
6250
1275
2960
3615
1787
8698
3235
3138
2305
8552
9929
1771
1597
7655
1181
5570
4193
1800
4007
5130
5249
3473
8902
4292
8222
1460
9883
1707
1259
1069
6494
327
6787
5075
8188
450
6089
4879
934
481
4211
6361
2414
1506
9428
1258
7564
5453
8022
6488
6710
3044
2203
1556
7502
8766
704
1448
2772
5221
4175
6965
3760
9893
5563
9451
4117
4557
6505
2486
258
1811
7426
4052
234
320
4008
7200
9739
8365
8791
3665
457
2600
793
6473
2807
8133
7755
2510
4474
8685
5003
5162
3844
1000
4637
1583
8524
2531
3427
7587
729
376
6537
3510
8401
6107
8816
635
6050
2271
8919
5213
8981
8555
6614
6361
181
8577
4698
3343
4299
7990
2687
8715
5566
9750
8724
3487
363
9674
4105
4416
1464
9320
6827
6873
7640
3785
7467
8434
5860
1055
4864
4600
3726
7538
7241
1587
7198
3307
6669
1894
1751
4789
5095
7622
8796
9259
424
2128
3001
4176
9404
2851
4399
9357
4163
1071
2849
9230
7655
2608
1807
1403
6411
294
9447
6786
3668
7367
61
7254
5642
6450
8564
6871
7871
1564
7362
1386
7559
8036
2442
3740
7218
2190
7761
7134
6019
6196
9965
8062
9006
7441
8452
7241
2175
7561
5571
2989
4557
6363
3474
7175
4920
7138
5417
9816
2255
7993
9213
7263
7862
3519
6645
6733
6422
2957
8380
2403
7167
8265
1931
8851
6181
6658
3335
5437
7665
8272
1125
7802
171
3000
9549
5705
3545
615
4789
3764
3452
8595
855
2966
3395
6873
5687
1282
783
5269
2472
3396
7445
7267
6009
8140
9361
25
3090
2379
2620
6134
1847
887
7890
8174
6743
59
5917
1993
4653
8805
9973
5025
2236
76
2611
9793
1394
9784
8677
3379
3448
7682
6279
4435
3664
9851
5291
2743
7975
6455
2043
4884
3583
832
6866
8090
628
8668
1256
7588
840
2380
100
4366
6004
4791
740
32
1717
2667
2049
7274
1858
6575
3221
4929
6679
2968
4591
4609
3409
1531
5667
3132
704
4826
1863
562
532
4561
4546
8904
8248
4416
5056
635
4792
8555
9887
760
6230
1388
8122
5838
8389
4881
7744
7740
4199
845
8349
5449
5306
8611
8152
5474
7022
2609
3638
1616
7928
7568
9181
1130
5324
9566
5556
3459
9791
8366
801
9230
1020
7101
657
1151
4264
7502
9768
4018
5521
4434
3459
4131
1494
7155
3267
314
2555
6849
9985
9296
2741
7323
6749
2620
2868
4519
4950
4977
5931
9984
9772
4536
2072
4698
9289
9171
7586
5016
9731
7740
607
6206
8660
5610
4597
4797
6147
8489
6551
5233
8292
3589
9822
9121
4895
7152
2610
3515
6487
1372
6310
3286
5442
6455
8909
2035
9524
8387
8683
8012
1929
8997
8492
6694
4839
6403
2302
2342
2592
8098
8700
6506
8316
3589
9844
4477
4481
1064
5810
9842
4782
1023
6528
1703
2007
9760
142
605
5692
4660
7504
2165
1004
7674
4357
3341
984
631
3257
28
9836
8245
4999
1973
3080
9152
3009
5764
867
3091
2496
2286
8914
3800
8849
6014
96
5655
1373
411
2661
675
3003
6714
5088
7558
812
5069
2762
7348
4438
6815
1639
5197
4517
3260
5286
1250
9032
6950
702
7874
3333
4066
9149
6199
1791
2544
494
7491
3064
4139
4843
2615
9958
7060
3895
5153
1915
618
857
9989
5717
3990
7662
4414
9274
2969
4591
587
2650
6298
7916
7534
5567
2293
4146
2559
4852
5392
778
7348
4886
5049
1162
1004
5425
1233
7731
4878
7287
1530
1591
6252
6369
6759
9923
9053
3912
297
7343
9911
4767
208
9066
7542
8378
4954
6184
6259
8129
9214
4023
7744
4786
6991
4257
6093
4583
3528
9153
1905
8460
3972
9364
5387
4417
1107
8208
9454
2229
3677
1085
8298
1484
6868
3196
4158
4472
2260
6013
2015
9166
9091
4943
191
803
8041
1991
306
8036
1473
5991
992
1473
7457
8148
4674
3094
4363
3863
9117
3927
6661
4128
8074
5202
1242
1020
7860
7985
8556
1333
328
8679
5981
5680
5808
7856
7349
6406
8711
7553
1777
8055
5598
1528
1333
8019
1747
470
6439
4580
4117
1058
3591
1536
4212
9131
8987
867
4336
4417
6160
3426
690
4576
5427
825
5892
6407
4044
9535
9611
4597
3232
928
5163
4309
9943
5827
6784
9082
6483
4556
5291
5653
9086
1628
9723
8963
2295
5160
2790
6663
3976
6980
2394
7755
8569
9723
7900
4596
5196
4416
8507
6731
7360
9551
7143
5407
6940
8980
5240
7697
3474
8130
9968
9438
6861
6043
8114
6200
7482
1257
7222
3957
3841
9301
9884
7309
9682
7327
8593
8895
554
5206
4827
1999
1263
148
3544
8729
2790
8593
9735
7816
534
1694
9756
9424
7507
9613
4033
9198
9884
3331
6888
6074
5312
7245
73
3025
6978
6329
2090
7044
652
9935
4411
7839
1271
2046
4492
747
4260
8332
3051
4644
5136
4495
3582
281
9878
8048
9480
2161
7762
2444
6726
3124
1066
7680
5042
9201
5768
6062
8344
8779
201
9894
8805
601
1220
5482
6676
5599
2220
4044
1778
186
6328
6286
3497
1879
294
6956
5504
5191
2603
9911
86
25
1542
7355
5741
130
7042
4215
1231
4742
1786
9207
950
5406
289
5031
6476
8782
4205
6082
3822
9317
9596
7272
9619
8852
4992
4654
2161
1282
2383
9055
3910
5091
4188
6845
7339
427
8427
6565
7993
4304
9610
195
1380
3562
6601
308
1989
3825
8684
4261
3332
5264
5266
2066
1739
5883
4131
7298
4584
56
9241
8793
8712
7186
966
9940
4406
5986
8130
705
9922
5441
9643
826
3181
6253
1704
9537
8197
2919
4851
2772
6348
7499
2367
8426
4787
983
7665
5844
4940
2731
6732
3743
4278
9984
4291
4173
6922
5554
192
7568
1684
6267
9929
4888
2744
6902
332
6408
7260
4196
8800
7824
6064
4641
145
4772
9992
6917
6685
9674
6026
154
3044
3623
4965
4972
1809
3831
7042
6472
7716
6009
8631
989
8244
2612
2319
8565
2832
1706
2314
2958
7125
3510
3995
3451
2101
5334
6839
7579
8059
5491
3425
7650
2738
403
1763
5115
7498
3090
3382
6241
1411
4481
2057
617
3193
8366
1600
904
408
5297
1011
2556
9092
313
4345
4406
8449
4907
9578
4145
6853
3024
6136
7681
4103
7071
2125
5920
8324
9317
7786
4063
11
4749
9519
7066
5230
7292
3634
1341
2372
8223
8972
8378
7182
5025
3352
539
1451
3753
8242
4064
7890
3272
3723
5383
7425
2977
1478
5677
3598
2133
8233
9259
905
542
5784
4744
7404
258
9002
3363
6197
7223
1385
7137
7444
2212
6075
3518
9124
1942
496
93
9592
3870
1646
1710
683
6428
6297
4359
248
1289
6655
2147
7675
2657
5877
1031
6761
881
3240
3671
4832
7573
9930
7796
2500
1477
3439
6276
6646
492
5822
7462
3133
2197
1205
7358
9273
757
10000
4564
5346
8079
3030
6625
3755
796
1437
5173
7406
8001
3617
5887
5705
8378
235
5108
9870
7893
8964
6146
6986
1235
884
4547
2797
5592
9101
3462
4206
2543
2091
9056
5128
9813
8730
6775
3429
4610
443
2896
87
9391
225
7424
232
675
3315
1171
2258
822
3905
6843
8209
8265
6626
4137
5971
5537
1648
1208
7582
8412
9413
503
1353
8407
2457
105
4544
5647
2517
1183
7910
821
8702
4825
8077
5795
510
3234
3363
3762
1878
4220
7778
7366
8858
8441
2526
2411
8587
9612
6910
6677
5579
7228
4883
7623
1677
2380
6778
2755
3176
9659
6254
5507
957
7634
2512
1580
8256
639
1192
4216
5663
2799
4375
8812
4180
952
6254
3400
7807
8552
7102
4603
2043
9369
817
240
4386
7924
4468
8068
1163
1405
5253
9098
6061
4450
9037
6077
7361
8597
9379
4083
7074
1479
129
5528
8810
8704
4511
4579
9054
4015
6417
239
5759
69
5454
6407
3794
6812
7466
925
9779
6231
4601
9826
417
9563
1781
9069
2071
1648
5515
7823
5134
4446
1421
8624
8585
1948
9426
2109
1167
7030
5077
679
7787
4397
4985
719
4139
2620
1832
8808
4879
55
2034
6792
6305
1828
9202
5269
2188
6002
2477
4451
2918
6961
7440
9514
1326
4216
5662
1972
8292
8781
1506
5557
5889
6933
3605
4375
1621
6356
6281
1709
1259
9345
2746
798
3916
2255
7957
8849
9619
9295
7685
571
7942
6759
7238
40
9148
320
3449
3402
1922
1242
5737
5719
2525
6842
9890
4501
6636
5679
1564
9419
51
7349
1028
8352
7073
7590
4544
4321
4185
4830
4298
5693
4557
4919
8247
93
1205
8931
259
2031
5258
5292
6765
8321
7943
619
4575
5630
9837
3496
4542
9427
2330
5502
1880
1873
9952
6930
2319
2811
5932
7399
4413
711
2889
6208
5197
5639
133
4410
8993
3892
6067
3409
7772
301
7995
3388
829
5084
904
7423
9026
1796
1219
4774
7194
3830
5677
3714
9830
809
2997
7065
196
9177
3363
532
8515
849
4149
8622
1185
371
2755
3694
4073
7887
3727
1136
5707
2069
5678
1988
8052
5866
4002
1713
4182
9132
7815
848
2220
7427
2352
7266
4431
9967
6646
6015
9593
4350
5681
3685
1340
8826
3145
3833
6318
7416
3091
7940
3830
9824
243
3252
2941
4430
5377
2220
9190
6260
2106
7013
9804
8157
264
5559
9460
5400
269
905
7537
5234
5464
524
8859
7201
8921
3299
3998
9167
4505
3433
7695
7544
8439
1605
6203
5466
330
1015
7280
7584
7835
5714
2068
9816
7479
7420
6498
1248
1293
458
803
9537
7417
3604
7674
1811
1997
3824
690
3098
8021
1995
5679
2165
5711
4613
7449
9466
8279
6132
1364
4404
2883
8577
9927
5060
2586
4998
7113
2650
4996
2439
3776
5311
9911
8545
7186
7579
7427
4498
6804
588
1920
475
4853
5681
9587
3801
9265
5059
4525
4949
2979
7419
5071
8674
6952
9839
1678
6430
1670
6454
2632
8011
9756
3695
6312
4343
8741
2076
2628
589
5911
5627
1574
5404
6685
1284
1903
5540
8966
3584
7317
4210
2685
5402
7010
5060
5294
4773
6692
1954
2051
4687
1909
7333
8854
4664
9726
2773
384
7128
1689
9655
5800
5479
4570
2685
7383
8383
8863
1058
1424
3165
6523
5241
2279
8367
5700
9258
1044
876
7777
6216
5197
840
8375
5447
1296
471
1463
9926
5449
9598
1133
7508
2069
654
5542
395
6713
2825
7464
3229
4036
1883
9479
5694
1291
517
5874
2493
6021
5104
7331
7896
1363
3660
5093
9074
4041
7971
5993
940
7900
357
2735
9665
8886
7514
838
6129
2973
1307
4469
6515
6766
6427
5463
4376
7012
6270
7202
200
8532
576
6176
32
1821
3630
4462
8805
910
4716
8245
416
5502
6716
8638
3763
7854
1174
1553
3133
1084
7143
652
2525
2139
7721
9088
6608
2514
7286
751
7637
3959
9829
8286
9215
1296
1156
5799
807
4438
4199
4370
9104
236
1594
8345
5526
1354
3824
1412
6512
5202
4155
298
5182
4020
4919
7883
727
7503
7910
8614
6054
9314
3573
4985
9399
9873
6417
657
8183
1276
3643
7506
1375
9968
2665
9510
4216
7973
8230
6583
3803
7734
9237
2094
6626
5493
6095
4837
3441
8340
3023
8474
8078
2332
4315
8869
6825
276
2396
9061
2356
9643
179
6389
9483
9070
4497
9262
2163
2843
2620
3436
7414
3005
5999
3482
2840
3928
8544
32
7846
8102
7967
1086
7499
5876
6525
825
1195
9464
2751
2917
6018
2968
6338
4682
8088
687
6664
3733
3313
2973
8055
2099
8063
8632
5742
8866
6045
9363
1969
1888
6605
9402
6257
3651
3402
6378
827
5776
2065
4928
8957
9569
1620
7451
8169
1459
253
8063
1992
3312
5252
6401
1095
5505
9091
7133
3610
1980
5241
6078
215
6040
2372
4568
5615
3967
4488
8952
9583
3437
4158
186
5099
4462
1511
7499
7587
6798
7098
8186
3252
9804
4321
591
1465
6772
8214
9850
7398
2525
1982
5430
6591
4231
247
8072
109
5601
8743
5726
821
1162
8278
2217
1110
6643
2781
8987
1281
8580
3421
7077
5268
4872
6683
3627
916
2681
818
2898
8195
3720
9967
9963
4541
7179
3248
7057
6499
5176
2994
9937
6937
5714
9628
1278
5975
8013
4131
4495
4661
2573
3902
3606
9862
2589
8113
3827
2705
5772
2608
8647
6557
7457
7448
7022
6659
2027
7822
192
4089
1039
2819
9372
2300
8978
3392
5952
9297
4523
2532
7797
8470
4974
2034
448
3043
7032
2843
7867
4210
7834
3352
6079
7544
3955
5652
2191
9045
4549
5911
5546
6552
2047
6410
9625
9082
5463
7730
7845
8392
5427
353
6521
4481
5106
2227
4189
2553
3270
5433
757
9615
2723
1031
2426
1080
9748
4565
1892
1540
8970
265
4801
4144
6495
926
7939
1658
655
1907
4993
8472
7647
431
3594
3169
2345
2932
8631
685
9313
66
9751
6394
4923
2070
5348
3944
171
5526
4034
625
6468
2850
4389
6054
6709
9792
3791
7899
7271
5250
9534
5617
9627
5576
4400
4624
9275
3151
254
9880
5651
4766
704
8354
5009
9179
3900
703
7296
4532
9066
7081
4488
5259
6614
3300
839
6028
6824
3025
9774
3092
7373
317
733
9588
1136
3235
8565
5276
245
7925
5617
5045
9801
9593
616
4957
7321
739
870
896
702
8843
2666
2888
2215
3413
271
8006
5382
1302
2609
1610
6788
6862
6974
6385
2945
7261
2307
7239
782
1535
6117
3207
1185
2942
6350
3787
9078
5683
1588
5943
1447
4339
7273
4197
6134
2471
7380
250
8687
7598
2444
4821
5198
2598
9762
531
4127
8748
565
1366
8239
5889
1757
4366
8766
5193
9018
9384
4572
3321
9190
6554
345
7337
2085
7788
3797
9224
4912
7897
6662
6926
7674
8617
7518
3180
8532
3698
5295
4132
4324
7598
9744
999
1028
1565
1370
2332
81
9815
9481
1235
8541
7033
8883
5807
7193
9310
9679
835
9594
5840
895
7431
5082
134
3848
3404
4825
9950
1020
7863
2085
7270
1433
8794
6206
4092
5031
3473
8091
822
9511
8953
6519
914
2650
5604
9946
7908
4266
6501
2471
9408
9366
5735
4662
6098
198
8046
7261
5579
5254
3654
2159
4179
2987
2354
1171
1553
8261
6715
2521
2051
928
8219
28
1721
587
3827
517
749
6505
7963
6445
7371
3956
6953
6475
7390
7622
4149
8092
195
2373
9413
531
3163
2959
6422
6656
4110
2113
6405
5498
6591
326
9803
8557
5618
8103
2281
1327
3058
2848
8314
6160
4209
3683
8817
3354
2022
2276
4024
9786
4307
6385
5222
5162
2745
4277
8202
106
243
6550
3944
1183
2797
4906
4822
5703
2519
1157
2493
2764
3826
959
3107
456
3430
6215
4488
9408
723
796
7698
4579
5233
1103
5607
5453
7248
8844
8265
8092
8524
9324
7937
197
1427
3951
1383
1006
7046
7062
1412
4840
4544
488
4411
2830
3264
2278
1854
9562
3827
7173
1377
4563
8195
4200
9819
7965
5619
4755
4103
8696
9209
6720
2997
6211
1231
1431
2956
9307
7298
9574
7139
2633
2481
7797
5329
3475
1647
9406
2744
979
5367
8449
1153
1583
2874
2175
3159
1489
4517
2198
7893
4389
4476
2953
1614
3538
2552
1232
5437
9410
8929
9878
1207
6071
7045
2222
5467
7595
4941
2204
2079
8923
3903
3748
4602
5716
4667
2024
667
4691
696
8073
3138
8190
400
256
155
3766
4322
4128
2916
5927
9423
5191
6004
9145
7369
6175
9812
5420
2843
7724
3898
3605
5169
5599
2415
1476
9419
6628
9854
9303
7130
9024
1092
7598
2215
2257
3997
8871
6528
3156
9804
1753
4638
7832
8458
6677
5914
9624
5949
9091
1241
9971
1330
7847
771
9663
6744
7446
8745
8708
9712
809
6061
6659
3649
5343
7195
4377
3286
1775
1183
368
2436
3607
6969
6674
9438
1060
1693
5870
3230
14
8176
9997
9833
6669
2091
2759
5744
774
2052
4207
1893
395
5711
3006
1060
5870
8242
6661
6210
6593
5103
6457
982
471
302
8019
3614
4593
3767
3752
6099
415
8341
4670
2463
8098
1689
2997
3028
4534
5535
3179
2043
3175
4586
5541
3482
1851
7784
7590
3735
2066
1359
1248
6461
4900
4363
821
9793
6016
8216
7240
1591
3931
8921
4668
9688
8411
7800
3775
1047
6870
5523
4951
503
9706
4648
2006
246
2017
8086
8878
2556
5652
3125
9374
4553
6676
8415
7164
553
8384
9295
7777
362
2217
6954
8859
759
4696
5422
4114
430
1629
5550
7148
1157
2990
4688
9546
6109
2726
5327
3196
8361
6956
9656
7315
1875
583
7146
5625
2792
856
5809
3046
3756
193
853
7985
8568
2903
1645
4677
4040
742
4143
3385
530
4994
2673
2718
9365
9468
7149
2
4931
3297
1030
6160
1846
5944
1010
1358
350
842
5174
3296
7110
1837
7494
9383
7583
3456
6591
9852
3846
3965
700
621
7524
308
9086
7449
1083
4693
2003
2134
5276
2453
5439
6068
2426
8494
6315
7630
6318
755
1908
2908
8877
6552
3344
5954
1826
4952
2923
4303
4896
3996
3620
9031
4002
2723
2175
8163
7905
359
4210
2080
552
3043
1265
876
435
9868
5411
7763
3451
4997
9153
8137
4449
3997
2189
4664
5903
5122
7738
9617
7980
7889
6778
6673
2000
7356
8409
4017
6474
5027
4031
798
116
570
6599
4008
9811
9182
7246
4212
8041
9974
312
9702
7391
684
1495
3472
9840
3781
7843
2948
1138
5619
9022
429
846
7281
4304
3324
3079
2785
3273
5328
3155
690
9333
1226
4040
7592
6088
5717
7782
2192
7634
5351
2204
8344
8086
5490
2757
3842
9446
7457
9493
585
8316
6183
8903
7203
6951
4620
8186
2468
4899
2109
1232
1508
8944
201
8095
5502
3135
6826
8956
6498
3806
5643
9700
49
3932
6881
5068
6486
5837
885
9296
1533
5592
9355
9674
7032
8368
3754
5829
5015
4348
6512
5962
6401
8618
3182
9815
5532
975
2358
58
8632
6119
772
4703
7757
1886
75
2370
2304
2886
7150
1905
4326
3435
5879
9644
986
9657
7079
1842
368
2091
1846
4141
8172
2191
5445
4718
4921
9764
8259
3599
2908
7445
1918
4959
7916
1742
1650
8810
2517
3215
3930
8904
235
7201
3794
4641
9238
3824
9709
5805
3504
9386
2868
7085
7483
2483
1339
5241
5661
8938
2720
9845
5914
4324
8226
791
1009
6780
6943
5949
3062
7132
1948
606
8530
8864
1622
8833
1717
265
4213
9866
9143
3629
3415
625
6468
8688
7022
5728
4675
1994
8628
7951
5249
2298
6963
7398
2397
9641
6614
2682
4252
4104
1052
8383
8378
8902
6681
7480
296
4025
6680
91
3007
8696
8297
997
7736
8821
7487
5028
3652
4494
74
7348
6236
4763
2870
3773
3010
410
4043
3704
8027
1640
2702
3395
9410
7785
7213
5467
3029
9693
10000
5412
680
3473
7098
6362
153
6865
936
3815
4881
9759
2096
6371
4619
5524
6369
4727
5675
1241
8536
2083
8938
4630
1303
8043
8573
5638
6764
6116
8509
8916
7034
5734
2058
4762
388
7166
1992
1625
9258
1908
8024
2678
3911
7953
2558
1019
8171
2745
6063
7011
61
4074
3537
5460
7547
9289
9606
4568
5254
1135
8990
6081
9633
2516
3288
6699
7854
8116
7418
8185
8516
2448
171
3838
3112
5632
9898
5922
2226
2020
3008
7802
5005
4017
7482
9351
5411
3109
5930
4803
4910
195
1319
5833
3172
5437
1084
6347
1481
9261
2041
7463
5105
5471
437
9091
2539
4623
9261
3298
2143
1733
1226
4557
4321
4958
8156
6049
6069
8105
1695
8147
8032
4075
8474
4875
8749
9917
1965
8637
4329
4154
7549
5505
5250
6090
4949
7140
1210
5115
2286
9824
9252
3932
8263
6574
2909
816
7357
7613
5593
9940
6407
2869
4828
7818
8166
3352
6692
4185
7758
373
5915
1628
2313
1021
1838
9051
7253
5019
7228
2933
9714
2756
6741
7915
5032
1725
5105
6996
2328
7186
5169
4845
447
6148
759
4876
2474
6243
6046
1061
878
3522
9679
5009
9928
2609
4044
8830
2422
5190
8310
3500
8726
9085
15
658
3667
870
1442
804
6890
1430
3946
3837
7805
420
8350
4455
5259
2280
5671
8760
7686
7211
678
8977
6449
8538
8591
7526
210
3089
3530
132
81
355
7711
7836
7908
273
8408
7887
4793
9106
4299
2669
7534
6326
1813
6701
4394
5067
50
5827
6530
2776
8431
9726
7160
2618
4063
7093
220
7093
9755
8380
629
5482
2701
5791
239
7982
4969
5578
6720
4155
8440
4565
8618
6322
8654
137
3288
2607
226
7150
7679
9190
2976
3017
4149
7527
5831
6531
4386
8833
8529
2273
3225
8536
726
7799
2872
647
923
9212
3812
4427
7438
6632
5228
7613
5033
49
2308
1595
7897
6978
1800
9194
3208
2769
5671
8492
6828
5046
2404
8625
1862
1251
866
4840
1896
2625
8439
5986
2050
7974
2016
1646
5776
5791
7630
5282
6645
3778
9176
4669
1345
5142
3608
5724
1013
4174
752
7931
2221
7338
3472
2272
7904
5365
8028
9963
3110
5669
5478
1457
1700
6304
1775
619
8329
8421
3712
6871
9099
9953
392
3984
4202
3702
4326
3956
4596
730
401
2395
2767
2451
1129
1827
9283
7134
3253
1134
3312
4921
4676
7985
8550
4115
5120
5346
6146
8767
2860
9591
2956
5287
5193
1357
7242
2316
6408
905
440
9386
359
2329
9653
1136
7339
279
3897
4154
987
5494
4701
6926
6342
322
4300
7612
888
1536
3100
3638
1445
2337
9590
7175
1115
6385
7121
6383
2010
1804
100
6053
7987
5645
6813
6286
2709
130
5127
8167
3374
1065
6592
4554
1258
7630
5363
824
6810
8067
2086
9914
4641
4816
5655
1154
3924
2647
9326
946
6057
6308
5981
3213
6701
7427
72
4921
5360
8549
7148
1446
110
6637
8717
2878
4271
4295
514
458
7527
6609
8581
7722
9639
3126
9476
4796
4088
5762
834
9713
7384
2900
2494
5811
1852
2619
6857
897
8712
3283
616
7336
4079
32
888
4599
5266
7554
9043
364
8896
7851
8052
5611
7747
3140
7559
9784
680
135
8160
2100
6699
5957
7243
4502
4241
867
4327
8732
8078
9881
7520
1310
7289
1662
6605
9389
5239
5160
6418
45
6938
9295
4780
9307
6475
9357
4990
4445
9626
1948
5325
6852
9632
68
3014
8483
8289
6303
8736
6770
5231
2981
7391
9022
4511
7264
6549
2904
1392
4766
2906
997
3829
1007
5358
4778
1407
2969
1729
4534
6551
3662
508
3309
1538
6287
1604
762
8091
7871
5071
7115
4668
1701
3783
7715
2735
6326
4181
3202
5723
2027
2958
3507
4921
6718
7232
1197
4898
6283
4083
7134
7877
5572
2267
6318
9808
4902
3960
34
8521
610
3587
2424
4917
3674
7848
7801
4570
8654
2591
2233
3463
2747
5172
4343
9066
8709
4289
2589
5877
9883
1004
1262
7036
3575
5646
9876
3304
1473
1605
7736
2067
8399
7059
1060
3619
8509
7128
6847
7880
1376
2346
8948
1108
6992
6844
3235
5811
8059
2835
289
9348
3569
3222
7816
7312
6880
5584
6768
9828
1059
4182
589
5473
1674
9132
3756
437
3456
674
9330
8329
7408
6271
758
5352
784
8544
4020
692
7403
3208
7588
5350
9361
1210
5727
5858
883
7086
2597
8174
2036
1842
6042
4801
1531
7124
715
1034
3020
955
4466
2674
8670
9037
6861
7431
7010
9874
7936
1859
1363
6346
9413
9968
5416
4959
463
6966
1891
5330
1793
6623
8965
5818
1591
8678
2572
4155
9571
2484
6567
4904
2104
5518
7942
3511
1517
1313
2404
9624
5005
5367
6361
6617
9666
7731
4324
1577
9029
4079
1522
5923
1439
4665
4951
1672
9222
4916
2535
7362
1550
9555
411
1526
9504
3006
6992
8493
7715
8892
2818
4228
9719
7850
9157
9296
6467
9257
7636
172
6659
4196
610
9170
1654
3628
1522
6381
6951
8104
168
6744
432
7407
2487
2000
4258
4925
8284
7096
6221
8211
4136
1663
3477
2376
4233
7983
5404
4956
4705
8278
3951
7690
68
7107
7816
2308
1475
3251
5125
1634
5552
4180
8110
4734
3068
2377
2363
2760
7297
7759
858
6596
1
3924
7548
8244
6427
4431
9865
3308
9167
2311
1187
6768
4782
2310
6116
2522
4093
7932
1150
1350
7850
312
8498
6957
9354
6936
2325
6121
2692
2670
9024
6109
7559
3321
8369
6983
7375
881
3294
8322
8794
3789
7838
4919
4101
4355
1805
2848
1271
7638
8148
3335
4363
8244
210
3197
1182
5551
4476
7001
117
9888
7495
6619
2024
2099
1064
2787
2084
962
1914
9918
4344
287
8834
2003
8670
1059
7988
6396
8406
3398
6891
8123
6127
9688
6320
4978
6199
7807
6908
5838
3325
6002
3960
243
7730
9186
8885
7930
8032
147
6971
9649
5737
1756
8241
8598
5903
1074
9831
8392
2659
489
6192
6738
1088
4643
8452
4263
2293
2770
7243
3054
3919
3438
9641
4355
4087
816
1399
7320
1400
3436
7062
2429
9291
241
1120
1565
9487
8509
3383
9584
2796
5050
1644
8533
7184
988
5443
5028
7938
1692
9919
9842
2806
5422
1312
1183
8641
6091
7498
9836
2415
5377
5884
6770
9291
5340
6296
2405
779
4748
2796
7514
3474
7235
5165
4535
387
9252
2554
7291
3228
8369
880
9905
6468
7956
1509
2834
867
2267
496
2016
7147
170
89
7864
8145
8936
1499
6642
6475
6001
4532
6695
2804
7710
7045
6222
3158
3386
3085
2506
8955
7637
2968
591
8989
290
7941
1949
1125
4481
9397
7488
9313
3638
8116
3244
1445
8450
139
7230
6927
4108
7434
1214
3804
2471
9916
2178
1093
7407
573
2836
8571
970
3858
8640
3208
6741
6445
8805
6163
2008
9844
3042
7317
4665
393
6652
9953
3995
2508
8499
5694
4968
7722
1741
4131
9482
6253
6032
5159
6719
3197
9158
2422
4246
2358
443
985
9298
3315
2626
5262
7932
413
3877
3995
6451
6702
4828
9819
490
8239
4499
1942
20
2729
6260
9883
1960
7564
1254
4055
2852
9536
2641
24
3530
4546
720
757
6424
7239
8986
1735
1485
4187
3147
2566
3788
2312
7704
7564
8618
332
290
3609
9603
2656
7955
1898
8486
385
9519
1817
1098
9047
1939
1358
565
439
1514
8597
3356
2793
9688
1912
2002
480
8903
9208
5800
3656
5990
6557
985
3963
8817
9725
9797
2008
7021
3913
4616
6691
3968
9794
9318
4008
1304
8924
9216
9562
6725
7942
7941
9002
1812
7990
5734
5766
9135
3047
3201
7245
6035
1772
3192
2185
1344
3925
8269
1126
3924
7221
2435
3992
9490
4304
3449
1052
1677
629
265
2043
9658
5915
8619
3560
4363
5586
8227
5009
2873
8780
2638
6432
9002
1744
4223
8
7472
2937
3833
2794
6159
9651
9699
5120
3265
2355
3252
6026
4938
6579
4859
8066
8334
3312
1944
7098
2588
4345
9439
5457
377
5196
9699
6336
4803
7521
8364
2625
7215
675
4130
492
1694
3841
5237
4521
6398
1313
7358
5179
6416
9485
1680
5081
7903
9861
8882
5868
3170
3427
1410
6644
1656
6690
2466
2686
3675
7630
3966
3590
1518
5678
3590
5575
4578
6647
7096
9914
5292
1279
1236
1314
8768
679
8896
6879
2423
3964
1697
1870
7769
1680
6652
3297
1014
4778
8716
8340
6342
7989
1145
8512
9207
5065
4616
1929
7972
8825
217
6127
5906
5368
9866
3292
4490
9069
2242
3348
693
4570
6919
9999
4734
4182
4918
6908
8997
893
7664
1830
9079
8029
7605
6798
4694
1732
9797
2803
9901
3145
9609
5123
6476
1362
6663
6673
2515
8904
7876
1267
8100
7325
4651
5227
3965
1739
8525
5450
1837
4118
2058
8708
4102
9837
4739
4386
2192
1577
8859
2236
9268
4836
6256
1703
9189
295
1134
98
8302
2123
7774
2295
103
9143
3527
6536
3818
5103
5872
8825
9589
3473
1087
3569
1503
6999
6890
2751
7408
7063
7099
816
736
4523
6218
1655
2917
770
3572
3019
9620
9283
6596
5648
4493
5117
6859
4705
5544
2233
9587
8220
1186
8492
8659
7534
9934
5210
8941
9923
5571
1033
2453
4108
8759
2625
551
4944
4064
7395
1357
9394
6505
6848
8652
1106
7177
4224
9364
890
4447
6283
82
6635
5503
9791
6142
9835
7947
3471
9171
339
2198
469
8419
3112
7140
4706
859
6466
5027
4869
2206
4766
85
1639
8434
5324
405
9372
3595
9390
3039
4352
6318
6244
3177
8746
7842
7198
5498
2686
9838
7952
7381
53
8111
7380
6563
128
2338
7479
8899
2778
6916
6898
3549
3883
6071
712
8700
7927
7209
9814
4805
6946
6894
5478
2110
4176
6130
4434
4548
58
9197
6683
6028
5297
2800
3656
1136
1773
8779
6284
9524
1955
1923
403
9619
558
4744
2093
8516
1968
1050
7764
9085
2326
2561
8668
2915
5838
1340
7674
7536
6937
6699
2989
2472
40
3257
2234
9960
5833
1772
63
3789
6464
4645
1482
9788
3722
7321
3850
7695
8
9921
9777
3063
8350
6917
4250
2645
7434
1061
9214
4570
3549
9757
4904
9445
9559
6434
8362
4095
6693
5246
7327
2804
700
8821
1755
5170
7908
5607
9477
9331
6894
5428
6640
2644
9869
6053
5128
3810
8601
6453
7208
9071
6668
5462
4910
5095
2341
4651
6967
8110
1635
7632
1769
484
7177
5531
527
8440
5326
1099
5277
3834
1645
6194
8833
4991
8694
1925
8462
3717
4607
5377
9797
4838
8046
8167
4115
9159
7014
4450
2766
1790
3782
7904
1313
7698
4267
2761
245
4418
9516
122
3407
6403
9378
6949
68
2900
4359
2749
7596
846
7254
4662
8230
2852
4607
833
38
5696
9079
9388
1268
3595
6111
2613
7564
8321
2703
5282
6224
6160
469
3498
227
7644
6361
7356
3869
4327
1219
6856
6514
2613
9774
2240
1579
9310
3738
3286
3853
3773
7750
9969
3444
294
9473
4184
2058
800
3449
8046
9506
4423
1762
2004
6193
3679
5241
581
1461
3854
9680
9632
2741
9632
3238
3392
5239
6806
1294
7856
7646
2763
1768
9619
6478
9552
6332
6559
9821
2738
9719
4408
7384
3224
3161
8081
3842
1113
6527
6012
7767
2558
5917
2513
3920
3409
2690
2487
3353
5237
7998
3272
5631
9373
1806
9271
2248
581
2074
5487
5545
2403
6582
5322
4567
2251
12
7005
2576
2094
3584
9326
7513
8855
7804
2192
5614
7431
7453
5422
1792
5882
4311
1685
206
5729
1602
4512
2927
2565
6629
8480
6350
8859
6442
2304
7640
5914
7028
2983
6920
8191
3567
2846
3319
1210
3441
7631
5111
8003
8459
5950
7100
8390
6979
8936
6236
6055
9736
5237
1019
8874
1728
1075
574
9646
4273
8856
1225
5125
8135
7176
4451
2332
2293
7537
1387
9560
4032
4907
4718
7892
5553
6174
5711
7075
2694
5056
8732
5300
9725
6509
5091
1570
466
1304
8060
607
6422
7117
7069
6541
4455
3705
20
3382
539
2603
7892
3508
1403
7036
3158
8507
6694
9659
3252
9591
598
8225
8955
4199
2077
8398
2802
2320
1944
3981
5803
4134
1636
6907
6664
5336
6845
39
4469
8696
7765
5349
3528
5200
8515
2857
493
8233
1435
3311
3120
4425
6151
975
2167
6527
3319
5826
6992
4181
3578
930
1942
8375
1252
6978
8036
6938
718
9381
4470
1863
7974
3854
2216
9688
5244
9021
8624
1506
8704
3366
6066
7815
7554
4793
3208
624
5669
9698
3066
7412
6413
4147
372
7831
6501
4370
7413
5591
2313
1671
3028
4464
3586
8357
5022
6725
1099
4384
4698
2122
4438
9561
3583
5983
1856
8830
7822
3597
5986
6673
6567
8249
6049
4092
3565
3938
8664
9666
4883
1912
9265
232
6128
8629
9791
705
1170
9693
5033
2467
3894
2969
1507
3484
5053
9323
2070
2478
4043
1031
5638
3528
3584
1241
1613
5146
2012
1922
5867
7380
2760
3943
4336
877
1561
1699
2104
2130
6595
1399
2447
6111
4715
6334
1290
433
8173
56
1635
2826
1266
7108
9378
200
9427
133
7727
4827
2608
9355
9523
9741
8876
7894
8640
2935
83
4263
144
7286
5382
5678
4812
7557
8541
9342
4286
9281
4922
4624
2106
5764
7188
3686
3719
8285
4078
1149
1547
8802
6386
1622
4842
3489
2647
3519
6853
3598
2551
3678
4589
7502
6335
7781
6654
9990
73
1450
4996
9603
4408
2286
1422
3099
857
6407
5948
436
9918
1647
9238
7919
5361
9845
6312
7986
7135
3948
4648
8000
8435
3190
349
8270
4048
3784
7077
8224
9247
569
3357
4788
5921
9554
8557
8172
1479
7371
3157
1503
8502
9822
5154
8391
665
2416
3675
4649
5486
1598
7112
4708
4590
8112
4791
1072
5287
8273
2850
9624
3733
6071
6298
6315
4735
7066
6373
8387
5849
5841
9021
7886
5694
2401
9126
3764
2497
4916
81
7481
962
7900
9099
2511
4314
4494
7306
5798
1565
3308
8288
5218
1178
143
2971
8433
2668
4479
5979
4098
1706
100
7459
3935
9446
2006
7061
3681
3225
227
3510
7603
4700
9842
1293
8317
6063
4250
9188
3193
8796
6982
3505
3195
4727
3894
3524
5283
7490
379
7832
2846
1084
8716
4544
2576
2160
3375
5159
7632
5908
1467
5008
2971
9938
7774
1838
1380
1399
2963
6831
4226
5784
4098
7861
9208
7745
9392
3586
6259
5758
2762
7436
8998
5393
7947
2102
7093
5213
3583
3019
2593
9051
8067
1360
6128
2168
7977
8091
6566
7390
1340
9484
6777
4727
8297
8098
9840
3508
1330
9760
248
4360
3201
6688
2057
3296
2099
6432
9816
9296
8594
4109
8464
2320
4259
2531
5783
1634
5502
3637
4459
551
5902
8601
2191
6397
9223
4372
7037
3747
5856
9871
6765
1563
7709
3626
6460
8837
4244
4502
1035
5443
9399
2433
1640
3791
8160
8366
1204
9587
4361
1625
8617
5935
1655
6565
3559
3263
8191
7372
7443
9980
1032
7062
150
9784
8232
1932
7999
268
1708
3411
8403
103
7288
498
4824
8735
1102
5945
1834
3486
1901
4751
2213
2933
3287
9168
4593
3102
6057
38
6342
7647
3767
6135
6575
6100
6915
8635
8541
4864
6739
7775
1738
1483
3953
6339
9505
3067
6172
8445
3530
6570
7554
8723
8009
2256
1624
1762
6301
9540
1688
4167
8501
7129
8723
7988
9777
7555
962
4947
234
977
2799
6228
4322
2522
5553
3593
9804
9766
1547
6740
5194
6447
3391
9416
2476
7472
7330
4961
3572
3500
1695
3896
429
5638
9180
6088
9874
9897
4411
4819
8651
3923
6939
3700
7659
2945
2468
5302
3712
2305
3772
1214
6150
4521
9522
8133
1286
9709
537
6148
7713
8458
6946
5131
5983
7518
9651
3793
9282
5944
8206
5658
339
3595
9453
6502
4274
6529
1596
4237
4929
3547
3622
9714
1433
103
2727
7338
98
9821
4934
8595
7756
1064
2096
3261
1511
8196
7220
1933
5216
6273
6267
2546
1832
7585
4819
6608
5603
8508
817
5119
7825
5481
4218
1637
4195
9601
7107
7194
2686
8821
9198
6588
1099
6326
5410
9984
9429
7041
2075
1429
4741
1597
1039
9880
9203
4064
9782
7094
9963
8131
5270
5399
4382
3307
9680
7203
5561
5129
7681
6059
8980
5696
394
4540
7907
7323
9421
4358
5837
2447
924
30
495
5930
5254
1890
6635
1198
4060
9169
8244
4693
6910
7803
1262
2772
8931
1289
9613
7244
8977
4784
3080
3876
1775
6667
4652
6902
3208
7380
2689
3278
9096
3479
5853
8290
8872
8021
3115
4608
5718
3574
2812
8544
8416
9878
49
7402
2892
4814
5625
1514
9132
2672
2922
5989
1964
5198
9358
3177
4282
8984
2438
6356
8033
9783
5331
9778
2103
6035
9242
2678
5397
4719
3855
7192
2320
9787
2526
2411
1944
111
2813
7040
7152
6919
4887
8847
6716
1981
4699
9930
269
161
3770
6285
6184
2759
7112
1533
6140
5946
1678
134
304
2610
3385
431
8144
4026
6564
9904
3412
7840
596
6486
9145
190
1026
2712
1677
8114
2485
4144
2114
1665
1269
7566
7868
9794
4882
1587
5690
8621
6274
6405
5037
5196
2718
3519
1285
7484
7930
4986
9329
6562
5236
5046
5304
6736
4160
5776
5434
4421
3554
5988
5356
3245
9040
7573
2703
9993
1688
6359
7623
8985
9928
2592
4723
4200
5945
5573
1351
1010
1955
2535
7201
8390
3175
8104
6311
3962
6192
9070
7292
6948
9634
570
8367
1259
3110
6070
7403
5600
1658
4879
8200
8871
6955
3206
5117
9196
4367
9645
958
4750
4362
6871
545
2918
703
2243
8270
9942
274
3524
9588
6277
9834
3825
6263
4236
1384
7687
2790
6911
9275
1720
704
2129
1589
7241
3158
1713
1885
9046
1341
1483
1225
7400
4242
3479
5953
7760
7797
8208
932
7622
8215
470
5467
8839
1787
5170
8410
7681
8143
6817
5164
628
5005
3944
3427
5707
9847
8373
8702
9935
1065
870
3723
3954
3861
6375
1723
9945
3150
7296
6997
6177
4248
6623
8434
5692
2899
5915
1586
591
603
8860
2777
4135
55
8506
9631
7443
1298
5515
3685
6026
9972
707
7025
2432
9676
7175
431
9028
4598
322
526
5580
2235
6714
974
7426
2860
5706
4245
2333
6071
4564
2666
7968
4983
2915
5132
307
3181
2170
569
8714
3040
298
2921
6058
8126
7723
3091
126
690
2065
2698
5577
6916
8640
4969
442
5142
7332
4568
6248
1235
4677
7303
7734
1444
1507
6974
4194
9569
1625
2378
8829
9490
6465
9123
2302
6535
190
3464
5982
3845
9553
4902
5945
2509
2592
5266
1059
6514
8842
6186
5634
7042
5875
5854
8206
337
4176
9579
8928
6361
2891
8243
2969
2767
9779
2621
4814
5023
6100
3222
3543
6940
1501
6894
891
7276
7790
5547
8667
8884
77
5833
6262
1681
6128
2858
580
2475
5852
4506
2936
3935
9793
6381
5395
1492
9904
8705
9447
8405
114
442
5627
4105
553
3538
3926
3538
8346
9287
4546
7870
5556
4135
5330
6778
523
4310
7939
4786
5549
5455
7426
2192
2062
9572
9199
2615
7982
2350
9082
6353
4694
5046
1341
3610
4166
7815
1549
2817
3633
8981
5774
6115
3462
6961
6534
9182
3888
450
4959
7530
451
2305
6478
758
1197
8411
3471
5493
4762
3095
7786
7071
8005
9138
7711
8997
3038
8594
8809
7645
4776
1867
8204
8059
7407
1933
6054
9733
9730
3778
7502
4059
2376
9099
280
2919
8353
3321
453
2707
4316
748
5515
5454
8709
627
9631
3857
9947
7062
8824
6274
730
7164
7094
1494
7420
6476
3419
6510
1912
7894
2723
7919
8157
5475
2783
995
220
2485
6657
6496
7912
2109
3949
1399
3165
9799
7269
3345
1552
4666
1436
416
8645
9052
5601
7587
4502
8291
6399
3471
8591
8177
8022
9608
4494
3700
3945
6556
8549
4563
1009
6377
5687
66
383
6617
2623
9274
2578
3570
595
5747
9127
1572
8857
5800
8541
1516
2772
6073
778
8899
9008
241
6795
3134
5065
9639
9088
9014
2047
539
8148
9664
7191
2170
3489
856
2943
2861
8699
8853
3296
42
4029
423
9069
2430
9474
3529
2226
7173
168
590
5616
7153
1334
6373
7242
9446
5303
2261
2032
2139
8650
632
5626
7837
3056
8565
3253
7892
4012
6549
4255
7536
3542
2241
8208
2544
6273
7747
7917
7881
7400
274
92
6881
3445
8087
1770
2428
4022
2674
4818
5354
1535
9209
9070
2866
9404
4104
5543
9115
3946
8748
7824
5412
573
559
8800
9638
956
7538
6931
4005
5081
4844
4268
1837
3459
8787
6426
4823
4102
6702
1587
7330
973
4465
5952
7723
7983
4303
549
1720
3305
3397
6522
4601
3775
1627
4541
8626
8491
2312
3507
220
8421
3034
4379
3427
9937
8355
2476
808
3014
9035
2157
9711
8044
5648
3858
9881
2272
4619
9506
6850
4995
6275
4766
652
9525
47
6405
2705
438
2942
268
8080
9911
3063
4301
6130
4911
6567
2120
4697
9509
2794
8507
2843
5080
9942
6269
8179
2313
8977
6465
4509
4522
7654
1502
3631
7642
3537
4475
3904
1228
1089
4274
7362
1631
8334
4850
4498
4862
1599
2120
3962
6327
1346
7152
7883
4939
8157
3905
5768
9769
9408
5127
4639
5461
4312
4827
9624
1029
2314
4628
7203
6150
892
2957
3343
3206
306
8323
2073
5803
3296
7047
2966
9732
7171
7564
1749
1689
6441
335
7115
3906
6174
2093
5973
1254
8646
5872
3757
7043
3251
1343
715
115
6755
8176
8958
2476
9964
308
6265
9018
4214
5535
2658
5423
902
7515
7586
1834
431
3203
9123
3724
1162
4349
8638
6188
5024
3920
4981
4649
5736
3538
8809
4923
9390
1664
1829
8035
3340
323
9471
7088
7067
2144
1507
289
1181
4513
4360
2662
7699
1700
2332
5404
3929
3743
7837
5976
6834
5596
8434
5264
3336
5049
7609
6616
1512
1491
9551
9735
3780
5710
692
9780
9398
1628
509
1020
1924
4824
1650
5574
1501
4633
997
9513
3536
4082
25
4594
8880
9729
9341
7851
3089
2750
9334
1620
6083
6168
9434
562
3404
7168
4921
7300
9287
636
4413
1984
4555
2689
775
8099
749
2567
6039
8199
2710
634
1373
2106
9421
3990
8943
8715
3214
5346
6792
1542
5695
8728
459
159
3932
5139
7185
1201
2958
6384
2038
9451
5464
9274
4768
5986
4264
1289
7804
7411
300
8730
1008
7749
6096
3580
1785
1102
2988
9154
6381
1402
8863
8444
3201
5528
1932
9206
1352
2848
9886
4461
6493
7154
4938
4068
8467
4235
5379
3025
8107
6769
130
2643
1707
6533
7835
5665
929
4049
9773
9205
5453
8291
1309
4363
297
828
7516
422
1413
1012
883
9025
8413
9130
4031
1419
9206
8027
9254
4847
4428
8685
9378
52
3081
3645
3959
8032
128
9405
4478
6430
7021
5553
5083
477
7847
9601
6062
6545
702
363
110
3836
8719
5723
7
1299
9294
8840
3937
3448
4829
6586
6805
4624
739
1240
7860
3754
2674
7852
4985
77
8016
639
4679
388
9556
7671
4181
5715
8538
5999
1399
3058
7830
433
823
7617
4768
3087
7680
8620
3952
8707
4801
7549
6254
5799
533
7921
7289
1970
2500
1101
8305
3537
8509
3046
3737
2353
9851
1596
648
2256
4639
9000
9862
6208
5712
6979
9140
8191
1955
9902
3031
12
701
2664
9512
7059
8674
7473
5496
2449
5871
714
7508
1508
5207
7368
7627
4935
5803
3082
4514
5640
59
2080
1980
4967
9535
4114
1548
9082
7105
1599
9314
1873
7683
1177
1155
6976
3279
358
7003
8860
662
4573
8316
1309
124
3872
1525
8795
8686
443
8535
3379
384
993
6168
5904
1065
9804
5895
1837
101
7988
9379
8453
7710
9235
7646
1379
6361
5172
3115
5800
7355
6275
5366
3840
5867
4724
3756
3880
3277
4033
1762
4732
9017
2619
9240
6535
4953
7411
1464
6957
2568
5197
2434
3619
6937
731
3905
4810
1999
1206
8665
8695
6896
7121
5497
8154
548
2033
1395
472
2825
3471
9697
6595
6219
5517
792
68
6605
5156
7793
9185
3050
8881
4394
6560
3530
5152
6823
3170
5583
5110
7305
9255
7594
5865
3278
7575
1386
4981
4358
2824
5500
7880
6868
7395
4153
9903
9601
61
7418
4145
3108
3094
8068
7095
7147
6375
3993
8982
8997
9289
2021
8855
9647
1375
8613
7078
7016
8990
3258
4143
466
9541
8368
7593
7837
504
8198
3670
4953
2661
1
2131
2645
425
5982
6448
5481
9910
7583
8562
9557
6564
9576
1136
9077
3741
6726
9346
9599
2465
3809
9597
5243
7506
6991
8729
1282
990
2269
7904
847
3478
5401
2885
8991
1544
3299
9002
2191
6209
2981
870
9173
3648
8452
2778
7464
2908
9657
6002
1526
686
4966
8455
445
7083
5916
1047
6916
8780
1214
7578
945
5152
3368
157
2996
436
4102
411
9695
6485
940
9780
6111
2069
1051
8747
9487
4303
7208
8990
4556
320
6239
9765
1921
5807
4420
3565
1181
4435
6081
7694
8950
4938
4141
4738
6566
1112
9469
5575
7732
5946
328
5208
4244
757
2593
5625
1063
892
5690
9469
998
8726
1487
3834
581
7412
5642
2497
2729
7836
6553
6263
8584
5246
4047
6096
718
919
6069
3192
963
9245
5605
1972
5662
6691
4225
1557
4810
5182
7877
8564
4141
8282
149
1984
5410
9423
8443
6871
1800
8689
8504
3479
8178
3428
1578
1987
5010
9161
6850
3319
6685
600
8562
1214
3177
2958
9437
5069
4222
3714
4568
4579
4507
4101
4892
323
2979
1851
6389
2950
3387
2490
4939
1924
9884
7365
9411
9561
6611
9825
2857
5607
7997
3552
8832
9651
7827
4059
491
7055
309
121
5834
2270
158
1846
1422
9276
7420
5516
1199
6870
7150
4825
3372
7353
6187
5979
9917
3116
1975
2832
6534
5311
5275
8681
2694
1233
4300
7427
3132
1049
2222
5596
8015
5637
9300
3344
5813
9063
1382
7561
477
1638
7152
1952
4894
9303
6222
1977
8540
5292
4152
4265
575
3419
6590
9165
1812
5944
1050
9813
4243
6364
415
1081
5860
2385
3061
5943
2051
8314
7286
1175
4498
2246
9097
9606
9625
9927
3706
5678
9888
9266
1017
3228
6511
3630
4761
2631
7243
5227
7803
9817
8883
634
1082
233
7376
1002
1782
9588
8811
6318
2089
2724
5302
364
880
1420
9540
2491
3099
8762
3914
1379
2489
3576
326
8015
8030
5353
3703
4868
7302
3052
549
3851
361
7404
1142
7109
6150
6491
2073
164
2661
3467
7314
1977
1582
3627
4038
8140
7651
2372
5272
4050
8930
5806
6159
6379
390
5505
5562
789
4056
2950
2359
8280
5336
1059
7526
7205
5128
6940
2637
6103
811
6336
9817
6996
7261
8306
1994
6356
2554
8724
3949
9377
3672
5176
9576
4325
5209
5333
8924
1189
3157
3195
6931
5016
6373
8874
9776
1817
5895
7302
406
8034
8543
5941
919
4728
7985
3418
6947
3792
9713
5209
6158
7146
1098
9951
4851
6782
2595
9780
5340
3788
2091
3925
5370
6986
2267
4518
3825
4235
4626
2584
7415
8058
6551
8479
935
1514
7440
5573
4358
106
4044
7557
3271
7828
6940
5832
8554
9338
2062
8535
9387
9843
8081
3380
2828
3560
3500
1985
1529
5685
4912
1990
7611
6553
4525
2538
8494
6042
820
3141
5081
9550
7282
6818
9050
3221
2435
6409
1773
435
6795
1796
1127
4169
7305
8545
7818
9905
9094
1297
9717
1438
528
259
9478
6546
316
7008
3564
1330
4946
8428
7454
5167
8327
6121
5460
3732
7828
1029
2528
6799
1213
5071
9557
3111
7149
1052
7459
5091
6341
408
1497
6666
1139
7218
962
8523
3859
6887
422
9112
6647
9333
1249
3367
7966
7509
9716
245
8797
4997
7657
8386
8769
1816
9694
9588
497
1428
9807
5837
5075
1531
7728
5126
9965
3476
996
419
4576
5349
2865
7777
1853
7458
2797
6917
7832
2418
464
181
1169
8865
3050
1926
6590
9633
588
4851
1012
1202
9984
2392
8782
7614
2621
4238
2823
9806
3488
1992
5848
7925
8674
6063
6594
4516
5398
8442
1675
8876
3929
1726
9391
2522
8810
1938
3576
6544
9772
2991
5790
7232
4136
3592
6007
2889
6073
828
9169
9279
4536
8567
6994
4035
732
6742
6664
5996
7768
9264
9414
603
6517
933
8950
754
5391
3247
9247
8567
1756
7425
456
3810
670
9660
3369
8692
267
1448
5072
710
7042
5818
4519
5666
6188
2200
9385
5833
1131
7557
3379
485
7041
193
4143
3578
3881
3395
1966
3863
6187
4970
8308
5177
6464
9882
5220
3646
3980
148
2681
7541
1380
6598
338
7056
877
6812
4744
5400
7325
5572
1733
2605
6331
4574
2736
164
6156
2145
4281
3061
5329
523
5647
7634
2272
9949
2788
2691
1615
5024
4296
7366
1592
8569
8231
6969
383
2624
1272
3188
696
9418
8713
1335
2440
8941
2234
2635
9184
1011
8962
8030
928
1137
2687
8504
5558
2940
4243
271
2541
7015
988
5169
6061
8238
5644
2253
9090
4960
607
7691
8463
8872
931
9896
3081
3945
8260
2365
4118
649
7951
1644
5460
3803
2398
4277
8409
1237
8864
936
9389
8777
7452
6856
5483
847
7525
5137
9371
2709
3561
6078
9781
7970
8986