20
8631
7506
3470
8335
8273
5887
8591
107
8821
2463
8901
2440
4048
8309
4794
8343
915
2997
4707
5666
6997
8326
3572
4067
320
1380
8760
4058
8204
4835
2589
9605
6737
8770
822
5955
4908
5457
7722
6416
674
5688
225
3443
9288
4054
9546
1288
3514
6301
3769
9978
1752
5400
8374
1370
7775
6739
7773
3088
9856
2214
6721
3260
7077
1075
9709
7977
8116
4526
2302
5217
2573
2179
1286
4334
6651
601
6705
1909
9962
3136
3307
5725
7199
9584
4021
9714
5006
7245
8002
60
9377
7605
1242
4198
3801
2025
6929
2998
7361
3507
6752
7081
1150
3994
110
347
1149
1188
4700
111
4299
1744
2187
9310
3470
4536
6853
4512
6798
7070
2213
5668
469
429
8291
1333
3805
9633
5863
3654
8710
7925
9807
9011
9097
545
5597
7129
2648
3090
793
1914
8223
4366
9432
4480
8290
4909
8275
264
3119
7162
2775
4588
3532
2932
9874
6821
1370
4323
6082
9058
994
1081
2693
4558
8350
2238
6497
3211
9399
7254
9659
9072
6251
4947
4572
646
2156
1472
4736
5572
9128
9179
4328
2891
1552
1225
8597
6499
2999
2146
3570
8970
9045
3186
5670
7314
3877
239
1951
1167
1316
3524
4847
8377
7213
3022
810
246
1967
6780
9933
8960
5045
8851
3450
2097
1865
5544
5091
6329
5439
6277
3881
4931
9544
322
7895
6923
3722
9795
5223
9720
8778
8942
2559
1972
9125
9005
8606
326
8971
8421
9124
8744
1787
8376
7026
6542
8461
5405
7942
731
3753
2863
5169
1956
5201
8251
2708
1731
5387
8699
6353
4339
2192
1354
5552
2378
7167
3212
1001
8130
790
8934
9860
7067
960
6406
3114
4042
8668
6594
1699
3089
2809
2833
7343
8790
515
5800
8898
5697
4291
2815
9799
7560
8639
1389
2953
4364
779
3824
4379
610
7462
9663
714
2286
1317
1387
2009
5594
9122
8641
4114
3366
5124
2598
3009
3218
4303
7903
9578
29
2767
8503
5332
9415
4610
6430
9435
7156
4519
6512
5264
9434
7379
1969
9806
5077
9355
1549
769
8749
1487
545
3444
8397
5026
8266
9194
6955
3753
8027
8817
4968
9273
5716
7597
8696
1405
7987
5660
6552
7776
4496
6656
1902
7644
8938
4370
9518
1235
6547
4591
1101
3283
5968
2463
6754
7475
6103
3966
4341
4791
2528
886
9526
3432
4564
5175
5426
4150
7755
785
9196
7300
8065
7647
7102
7904
5717
9943
4350
7933
1941
8458
2753
7709
5585
6479
4630
285
7461
9261
6014
4641
1220
4050
5779
890
4973
3540
9701
1775
188
576
7749
4089
7980
6257
4508
2065
7001
4650
4998
5784
1539
2383
5463
7982
5846
7413
7531
1039
3763
4544
3063
7894
2764
8802
9100
4089
8815
3961
9319
639
1242
3755
8138
4596
4223
6003
9779
4231
9542
9837
1855
7039
271
8337
3512
2157
1012
2877
7948
355
2443
6291
9076
4416
7420
4582
9316
7918
6811
4205
9740
3968
7681
7692
5087
9376
4219
7366
7000
7611
5345
9709
8627
6453
8687
1037
7184
9841
7324
9568
2027
2941
761
9564
6673
6156
3744
5913
8790
9844
3498
2443
1854
8957
2440
4099
4377
4509
3085
9235
9063
302
9754
3029
7673
1840
3967
6592
4379
9505
6770
1847
1514
295
3923
4364
761
5451
597
523
2916
3699
9222
1551
2000
3429
8640
6005
6908
5424
273
6447
9714
9456
1916
1758
3394
5286
8513
2326
9817
9693
3276
1502
1760
2517
7174
8108
3824
5677
3642
2738
5679
5644
3072
9625
5430
517
2831
8612
4424
1509
7924
9507
387
9299
121
7243
679
395
7870
1978
5324
415
492
2387
1903
9902
8014
1272
7534
8321
1332
4751
3130
4395
6646
1164
8696
9828
3064
3579
5872
605
7632
1464
5700
2166
5350
1823
4188
9819
2583
2257
7331
6464
604
9978
3994
5086
2383
50
2023
6845
7234
9139
804
98
4306
2598
4799
2907
2490
7091
3899
5735
8858
9179
6839
4594
7588
9743
9558
487
6454
7855
6678
6557
676
6060
4682
3478
7011
8615
3116
8457
6193
2475
6875
3890
9469
5968
5827
3017
4316
539
3331
4500
2740
4662
1421
888
8348
6763
7833
6973
6657
1106
8395
2906
2831
1323
6189
8042
3817
739
6418
5891
4231
937
8532
5447
4706
3792
6188
8300
9374
9372
5132
468
5803
5139
3667
3717
7815
80
2275
4723
859
504
9690
2852
8732
9268
1854
4941
4686
7038
3076
9621
4105
5968
7734
7282
2139
9227
3327
6084
3928
8042
2558
7094
621
8497
6279
4572
1874
8000
8396
6015
9419
7183
8207
4176
3191
2143
4327
1650
3002
3143
2857
7287
3833
9379
7719
9844
7317
616
4149
7215
3602
4342
4240
4306
4261
8082
1893
9604
1916
7514
7767
6362
5378
8930
9393
4220
1221
8392
9475
453
5523
2757
111
7940
5688
8169
8887
9245
3472
6052
2792
3860
1637
4418
958
7657
3847
5845
8993
5090
1636
4609
4092
5545
5419
7377
6330
2989
5682
203
7183
7868
2414
4520
2944
6661
2247
1348
7974
9530
5411
3232
2147
563
1179
4113
5708
1497
1329
8333
1406
4506
7212
2762
3239
8479
8247
3913
2757
1588
5452
1198
3764
7765
2649
5469
2132
4203
1351
2857
2189
7128
3447
1251
7017
9741
2815
5408
132
5553
8112
7241
1388
8524
8971
51
2162
8617
3959
5558
6459
7100
5249
8955
1087
6144
7242
8916
9091
3777
4135
3286
9677
4517
8582
2917
2409
2398
9132
1477
2168
3149
6342
4185
1381
3980
8987
6471
8703
1141
1391
8983
3576
1191
832
9721
5683
316
9587
9318
9528
3915
1370
9154
2410
7554
660
5986
6367
2184
7787
8558
3304
7737
9607
5182
7390
5444
7470
6197
7116
7034
2672
974
1089
4579
6322
7865
2013
6176
5132
448
9380
6303
9191
8819
3871
3904
7823
8748
3490
3702
5336
896
7845
232
6079
7159
1454
2198
6693
4394
1520
6471
7736
489
9388
2235
2191
8078
2263
4831
3697
7946
1924
8577
5199
969
2975
9638
4312
6201
7572
4795
8599
7037
9424
4764
7710
9133
4980
7979
3944
9838
2977
2685
262
8924
2389
5406
9373
5680
8902
509
7768
3999
6467
7244
7122
5401
5706
2559
2031
4841
2998
3208
6497
9651
7023
6575
169
9404
4762
2613
6088
7728
3698
2531
8312
196
8560
957
2794
5558
6716
2204
7267
6317
1795
289
7302
4062
9939
1204
9007
962
5276
1340
1311
8878
4189
7634
1565
6216
6182
7743
6231
4950
9775
4241
477
5881
6956
7746
8993
8067
3613
2133
1601
7547
3855
8386
7460
9883
6326
9313
4107
4071
9921
8271
8029
2641
3094
4006
9558
7583
6322
8689
7370
6038
1218
1426
1934
7395
8632
7580
6596
3740
1229
8361
3199
7322
8848
1081
6196
6514
4446
2206
5194
2350
5078
5343
1573
8201
6649
3012
3959
4139
3949
2131
8620
3480
4862
3085
3674
7340
3202
666
6115
106
6338
3675
9966
2597
9280
5835
2434
717
3161
1781
6690
4296
5899
9329
2107
5312
9924
1436
820
2828
9829
7788
9453
6855
9223
9101
5140
2516
994
1488
639
2819
2734
1351
8882
7035
4382
6932
52
3381
1395
9422
6020
3373
4152
4422
5011
7733
9010
4716
6829
7749
232
2752
8059
6318
4009
2087
9649
5730
1478
3062
4920
6738
6170
6018
9546
2132
9584
6096
3426
1123
7196
3757
9971
4926
4475
3787
9953
7997
76
2879
4642
3224
5349
5576
3557
6785
8316
1064
9798
528
2547
3003
6743
207
2713
755
1207
2146
991
8256
7871
4269
2190
6926
2709
4032
3516
4656
9743
288
1964
1359
8345
8024
6310
4135
8016
2213
8226
204
5850
9922
5442
2978
7492
2626
3901
4409
9097
3691
876
9734
5769
5538
8364
7360
4241
7377
8122
5204
2138
1410
9261
4621
7316
6353
8476
8215
9562
3424
5030
4626
1255
3101
8434
5748
5222
7574
8754
4814
5462
1085
744
7129
5671
8210
9800
2269
9953
1545
1523
4972
8710
9625
7761
1938
6851
1123
1786
3580
5414
6773
2474
6654
6631
9879
6921
6402
955
2228
8982
2724
1357
2895
2222
530
1114
4470
7858
4918
4089
5693
272
7828
8724
2678
6395
2050
3398
1901
8309
4863
8857
2200
418
5969
3718
685
6458
4338
4027
3924
9206
26
7172
250
3248
1066
4699
9205
7756
5570
4009
4488
7917
1680
7183
5072
8576
9841
8996
5400
7528
2460
2489
8573
9974
4752
9073
3032
5492
7981
5919
9634
9294
5645
9835
2315
2532
2689
9561
2523
7079
4566
8241
4236
7056
4897
7859
4383
3002
2307
1323
2617
7164
6282
6912
6301
5239
3247
2733
4190
4895
4821
5349
1653
7579
5158
4044
3598
514
4492
1756
2197
5668
5153
2891
5532
7804
2834
5348
3509
298
4201
8717
6396
7821
5674
1733
9001
574
5719
5461
8899
7082
2675
7032
2635
3458
4098
7360
6191
4465
4944
9719
9662
1052
3722
1491
8391
4571
4620
2673
6191
4581
4782
8234
7429
662
2878
1850
109
3671
1841
8517
3874
1608
2860
1095
2053
743
5960
7629
8645
5056
6275
9486
9760
6652
6078
1652
5167
818
449
5764
8770
2259
7128
1586
3028
1260
1695
2111
2107
7820
6085
1596
3455
5544
5543
3807
3810
479
3947
1675
7331
106
9170
9938
9586
7494
8124
7656
2725
4320
7099
8040
2812
6717
7368
1454
3233
3745
7436
4542
8549
7691
9717
7210
6193
6126
3142
9621
8589
1209
5956
3146
6491
3403
31
2922
4146
4918
8009
8736
8164
9845
6769
9276
1503
8873
2573
1118
3866
6731
5373
8037
4328
1653
6779
1883
7382
6095
7819
3391
9878
1403
4731
9013
6255
1775
9166
1002
8047
4680
8407
5722
3577
6829
931
931
8245
6979
6074
3799
6831
8240
8923
5366
5769
9193
1306
7318
7844
8395
8932
912
8350
6018
8576
570
1575
9179
9203
7043
5255
1697
9296
6346
3632
4920
2174
1668
2613
8839
5348
1664
2572
9631
2911
9040
8443
2381
3443
2025
9981
7542
7025
2367
9847
2611
4600
3310
9513
8609
1475
4696
8529
5085
2726
4008
5328
8303
8457
7977
8518
2605
9718
9278
2386
9420
9300
5138
2141
7347
1118
8225
7002
4988
6523
1933
1034
6161
6815
6388
449
6251
4233
506
4340
9244
3729
5742
6376
1886
31
2160
3803
5478
9233
922
1798
7675
3269
5775
9175
8117
9780
2754
6847
2803
9180
6047
7423
4528
9072
1839
7737
248
7902
740
8414
411
8935
107
7804
6302
4757
8613
7392
4131
9576
3436
626
5547
2767
1679
5260
3595
1787
6145
296
585
4276
351
5058
3504
5634
3824
5967
7554
5868
1373
925
7769
1858
3140
4654
7913
1913
6131
5550
9512
2791
859
7385
7823
3251
9436
3500
7875
9458
1508
6215
6451
1053
1554
9512
6593
9301
6870
3524
732
2578
5717
1383
8593
7542
5471
9914
4339
1340
447
5220
6417
5045
4179
9932
2743
6636
4637
1542
2276
369
5870
8104
3958
9290
2950
7980
9499
4193
1992
8570
2223
4010
6064
4245
4501
8661
315
646
9328
9324
5084
5899
621
9028
5086
5269
7333
9655
263
8176
9319
1024
7975
5320
6886
8918
1683
2566
2060
2031
1472
9519
4374
9321
4856
330
3592
1131
4965
3708
7520
8200
7330
5771
9465
3651
9359
4124
8063
2754
5425
2378
5913
2121
6226
2463
468
5604
1674
195
2648
736
1031
8461
4475
9786
6892
2759
5290
8671
9617
9542
3209
5655
7931
8632
5032
3936
1088
4489
3132
3305
1975
7815
1460
7957
6326
1028
8645
6977
5459
4961
929
5139
4043
5365
7353
6081
4806
7341
5823
5449
6181
3374
4296
6621
8802
5485
6009
5531
8802
6160
2454
3003
641
8177
2226
1844
5087
5133
4906
403
1012
3420
7942
5835
8310
9397
8517
3168
1060
7375
8875
7762
6026
9872
1500
737
2168
1949
5813
6456
5565
7172
5585
1470
9707
6680
5305
5732
6280
5339
4493
3980
8231
6199
9665
1349
6928
4437
9172
3590
659
6728
309
6462
7900
4890
5221
3988
572
310
47
8964
1364
8001
7765
6295
122
5293
8113
7733
6830
5354
7734
750
3069
5468
4670
2061
5718
1445
4828
8227
553
8761
9163
8817
154
6183
2458
113
9756
1424
6999
7945
6657
7361
1061
318
9540
9677
7314
6593
17
1739
4457
7558
7820
6902
9195
4288
6220
804
576
217
497
7173
2223
5029
4361
4644
121
8554
5690
4415
3079
3525
8920
9
8410
2411
6477
7475
6553
2013
4021
6522
4928
722
7822
6990
6875
8956
5099
308
5773
6345
2309
4148
1626
321
1983
2779
5941
6723
6044
4479
67
3934
3395
2508
2839
4379
2434
5321
3658
6221
3424
706
5345
5758
6939
7563
7878
1630
7631
1565
3795
9336
4899
7190
2961
7828
6060
7575
9797
3709
7812
353
4457
6022
1409
9619
5871
2729
3252
5651
4040
5204
2683
2927
1255
9853
1563
7645
5232
119
1801
9277
4566
4568
1973
6179
7000
7696
9182
4156
9748
3876
8918
195
6918
3872
4047
5925
2914
3479
978
1089
4161
7503
8053
6365
6451
6654
5035
1624
8881
8092
8149
7127
308
2711
4333
2095
509
9970
9164
3753
2728
2906
6664
7315
8119
8607
1059
9169
7900
9147
9077
5432
1828
2803
4404
4312
6947
3402
2823
8194
2258
8992
1395
6079
8427
2281
7650
445
2692
8299
8901
8604
7817
6828
4227
3075
1482
9099
3355
9005
8776
7594
6342
9167
6781
3591
3059
6981
6627
8504
8175
8142
7211
6421
574
9478
6568
4192
757
3259
346
1507
4025
6146
6956
9893
8651
3235
1430
9049
8662
546
8348
7642
8973
1819
9300
8958
5588
1807
296
5372
283
8235
774
7293
915
7243
3085
832
457
3101
354
6397
3708
8598
7540
8627
8568
4674
2580
6247
6150
939
2962
1841
1037
7854
1547
7135
7753
9671
915
6789
5568
7150
4200
6122
2165
8825
3376
1564
4257
9086
7210
9482
4824
4629
6527
3044
8790
6358
1563
9225
8455
2712
3218
6777
4251
4523
2795
4103
4327
7414
1154
6181
7095
3653
509
7332
7773
6675
9317
475
1967
9218
3564
8000
1505
1732
6459
4232
3953
3656
1441
6032
6173
1216
1340
1382
5688
43
3277
7293
9713
6515
517
9544
7477
4083
2471
9613
8887
8877
7201
9680
5903
460
3627
5565
8337
4276
2857
8614
1812
5605
1559
7704
5825
1453
4027
7925
4439
4751
9309
5076
7742
1713
1784
4496
8266
2351
2751
2831
768
1448
5132
6684
1519
7819
1595
6012
5332
9924
4893
9647
9351
6898
9388
9613
2433
107
1912
7172
12
990
7060
2685
333
2238
7624
3105
4231
3745
1823
7991
5882
2808
6079
2623
4635
563
8406
1848
1970
6866
7278
2835
2345
6130
2650
6647
5063
4249
1946
1258
5917
8318
121
8323
665
4292
9216
101
5790
3164
661
3448
9597
2264
760
3678
2400
7502
3614
6956
4260
1934
335
1022
3596
3960
7504
3778
6640
2243
930
1079
5576
8587
9696
4251
3098
356
1787
7126
1281
1737
7560
3985
3069
8718
6924
2556
5249
9816
8410
9321
7079
9304
3327
4594
8414
573
2300
5599
3950
904
4460
1034
8895
9861
7738
507
7256
9064
3866
7039
1154
7717
6755
4032
6063
4059
5409
1240
7597
9691
3826
4437
2736
6915
2001
7284
3331
1356
8124
2265
862
7137
327
1833
5967
5406
2557
3589
5183
376
356
9272
4323
8622
1647
3611
5223
4229
3223
5773
6358
2515
4111
5359
110
8049
164
4725
7584
6884
1597
9278
9809
6419
6461
1558
398
3874
3898
4689
1633
1269
1391
3049
4261
5561
2765
6975
496
454
9142
2407
7533
2538
8481
5901
9201
4879
6644
1122
4837
8824
6545
5618
6303
4157
5811
1747
6424
1727
1421
6269
2907
8530
5766
3462
5011
2697
1024
7328
6899
2939
9793
1725
7393
3488
726
6391
6282
1081
3335
5846
8689
9941
9814
5057
1062
1236
2477
8545
4729
8059
8634
5182
5792
5024
89
9600
1264
7121
2837
727
2614
5504
5861
8376
1869
5757
3173
1926
2750
9755
6516
7335
701
1601
8968
4476
2015
5301
7507
4571
7723
6749
5949
1785
612
6945
7784
7476
3346
2796
2177
4536
5976
1324
3256
2837
7096
646
8865
1288
8589
1484
180
5348
4817
4298
2438
7673
9004
7677
8658
2336
6839
3458
6339
4577
7466
1487
4329
338
3972
7233
4452
8683
484
1168
6049
4658
7381
2658
8988
407
1728
782
3119
5093
9512
3744
8237
2015
5348
5652
6143
8606
4497
3153
7379
5217
5751
5865
3970
4068
8632
9420
6412
3828
2371
7840
4129
5052
2300
4919
2157
1580
700
8745
1206
8434
9387
325
8633
2788
8179
4739
5645
673
7460
3377
8469
2200
1854
5742
6502
6354
8384
1772
2253
8472
5134
6528
2528
262
1043
2466
9050
253
4704
2829
3735
2486
747
7289
2833
1937
7732
1721
2180
4260
1384
232
6197
5147
2820
5840
6935
9539
6914
5793
6444
7209
3744
7042
1559
7046
5315
211
246
5890
1025
2678
8953
7277
8866
2349
3278
7187
4253
1575
8237
7785
1102
3037
4979
3575
4781
2379
6376
6242
6069
1445
3192
6251
1833
3986
539
6785
5353
1310
213
9273
7034
1816
2327
5832
1468
8337
3502
4385
4237
792
4792
5610
2602
4534
6923
4241
1063
6430
115
7468
4466
3989
3069
9076
9731
3248
5778
7930
9596
7739
1706
6440
1134
3201
8955
6537
730
6506
627
9063
8694
2848
136
5210
4726
5033
3044
1220
9635
4146
3419
7427
8316
4646
2049
2970
9397
2185
5306
2481
778
8070
6135
1530
8594
9443
3508
4498
2512
989
5219
88
2279
5783
7980
4932
5942
6397
4478
8237
4483
3828
5172
1313
3938
6165
3308
365
535
3785
3093
7302
2713
4087
4968
6152
9027
9824
9097
8007
7308
4663
4652
6117
6257
4921
4703
4042
5425
8589
8311
1982
9731
3095
3928
929
8306
1866
968
6979
9339
179
2221
383
1866
1782
1406
1159
7593
8850
9103
6941
3201
2687
4325
3797
9865
5511
1572
7119
4726
1350
8539
621
3316
4064
8917
1021
5355
2913
5804
7452
2046
4693
4446
3879
2971
2475
8786
7865
1904
2631
7414
5571
6875
1536
4166
9118
3541
7441
5276
9779
9461
1215
8064
5599
9856
2427
3361
8796
2692
3565
7830
4737
3796
3723
376
5335
6360
3078
5483
7449
6288
6362
859
4733
2658
48
2825
4514
7605
663
3521
3505
1545
2644
2218
884
738
8728
8578
9190
9471
6971
7576
3695
9650
172
7717
9723
8164
1878
2144
5303
5888
9006
9658
8771
9860
2618
1034
7062
8514
38
2212
5541
9066
6785
2872
6389
1325
9200
8999
1383
6557
9287
7094
2540
7075
9806
5409
7818
2817
6558
3180
3109
5530
9239
8062
3129
8454
5852
3647
2013
8404
861
4477
2748
7809
7051
6486
1621
2281
3659
4316
7147
8413
1312
6948
1597
9575
831
5004
587
6149
5562
1722
3453
3225
6231
5450
3516
9337
4895
2968
4659
9896
5712
6748
7546
3046
5914
4740
7864
423
7407
1426
1473
894
5121
308
9146
9459
793
2636
7039
8805
9090
750
8103
1359
9349
7542
2967
3617
2973
919
2417
821
1361
6496
4601
4948
3149
302
423
354
6041
77
2679
1002
6219
3340
7838
2895
5627
111
3484
7540
659
2364
1395
4311
721
1284
2018
9195
959
2596
9609
339
1962
1069
3965
8519
5687
8957
3082
1332
7427
6871
6439
8197
5010
62
1461
8868
3975
9691
4235
1306
7693
1552
611
4445
2016
9951
958
2649
6559
1163
8153
6545
4386
6659
7219
9237
1243
1103
877
8544
1751
5245
2137
6634
1470
7902
5786
2776
1187
4540
1554
3510
8670
1675
7801
9857
427
9747
6711
4765
2805
2375
3024
4775
1410
7108
4728
8449
9114
6499
8076
3579
1712
7121
7011
4004
6273
4453
4179
1835
386
7371
1123
460
3097
6406
9320
6158
6487
608
1286
8248
9337
3706
1690
1903
7069
1800
6746
9856
3928
6051
9357
2197
6275
559
1038
4200
7031
7443
5656
6944
7876
9459
2339
5672
6121
505
3191
3204
9656
6002
5417
484
3931
6404
9754
3585
3472
9685
8356
5010
635
9764
7984
4316
2887
9330
8611
5768
5227
7478
1483
1641
7261
6068
1759
4659
662
9164
8599
4630
1310
3427
1880
1467
7193
8767
9900
3502
7210
100
2551
2941
3485
14
9450
9770
9709
2784
9576
93
3253
8006
1300
7472
1859
3909
3543
63
6794
6756
1570
3696
2593
5378
8861
2716
533
8212
4049
3112
4665
7691
7634
4992
718
948
8031
7870
2988
7871
8488
4926
5038
5559
1957
4339
1970
5603
3786
3802
8958
6459
2449
8068
5269
2042
353
9719
887
740
6730
2047
6674
8515
7706
8861
2578
9694
9701
1396
9958
3825
2068
8675
364
4554
8887
4132
5216
8022
5328
7468
6573
2358
5126
8119
7687
6849
787
4165
2658
6103
515
4372
9204
6293
5731
8187
3784
6972
395
4375
5513
5149
1816
7084
3467
4175
5449
992
5607
592
2109
3269
1907
5455
8582
6457
3043
7049
5431
9711
2534
4469
101
9645
6066
6958
2739
4622
5689
9946
3554
2858
6424
5841
5981
5355
9781
1057
464
9370
1155
1787
4190
704
4364
1294
2291
2293
2126
7257
6771
6426
3426
1064
6495
4101
9629
6448
9174
2206
6991
1996
9
1473
2560
4252
502
9964
3674
3722
1740
6226
9573
3510
9782
2184
8867
2637
6555
1235
1067
5133
6645
7447
6112
2055
6737
8546
921
7087
5273
276
6541
7720
8766
1740
1244
9563
197
8066
6990
7350
6978
3704
6745
327
5759
3356
9073
115
6577
3868
5473
2701
1854
1517
1802
6832
8270
7331
1821
402
8009
8490
7560
6520
8587
3027
5312
4089
5513
9845
532
97
7598
2948
7878
9013
6352
6306
4946
4917
7843
6885
5043
4401
5094
7893
1733
2709
4907
5959
411
756
8619
9593
6670
6452
9365
1995
4840
4037
1235
9588
1773
9258
5096
8683
5309
9086
5285
8284
8955
119
8649
7480
9251
3276
9443
4168
1246
1290
5336
6581
2812
2976
8431
4497
4452
9265
6753
4970
9410
2368
1173
1686
1188
2941
5931
538
1513
9762
6845
8364
2218
3503
6486
2014
4399
4773
914
6875
2442
7773
9492
5514
7114
7371
8960
7273
3666
5315
7711
8601
1586
8852
9936
4589
9761
9754
8675
4688
939
1174
760
1141
9618
9393
5199
1064
6169
3194
4517
586
5100
5818
6677
9678
630
7973
8775
9284
1735
8937
9416
1240
9990
928
9239
2871
5008
9948
5755
1311
7584
7129
8625
7813
520
1979
1646
233
1473
2896
3422
2131
8953
3775
9900
7782
8553
6224
7328
5299
6109
2560
2252
3101
9376
8944
6095
9138
7853
9327
5589
7528
1206
2046
223
7619
3649
7810
499
7578
8266
4743
7329
3502
8436
623
7478
9431
595
4836
2281
4026
1055
8553
2802
3241
7415
5535
2896
6181
2629
8104
4411
2171
2520
823
1820
9859
4486
7044
9718
7916
8583
2070
7331
6434
557
8930
2514
8208
2328
6893
4625
7267
3996
7011
2013
6077
5078
8022
7226
565
390
6592
5548
4685
1302
820
8069
5208
6992
5671
936
2584
3783
5455
2870
567
2961
4204
7406
5483
8012
8207
9651
2812
1952
775
6927
5131
6807
5624
2098
3603
2783
9106
9678
2955
9572
9443
5984
2290
5781
9903
1926
6282
3422
5425
3516
1663
1821
7207
6956
3573
1861
3987
4540
1408
5699
3467
4588
469
1856
5065
2087
6976
8917
8799
3507
6717
9180
311
5923
5643
7921
2827
4691
5176
681
86
6997
7684
6895
1743
3165
3334
4761
100
6007
6407
2565
1874
2917
8753
8776
502
3614
6377
8365
278
8267
3995
3352
504
3577
6815
7047
7631
8033
2816
7296
3602
3325
2329
1310
4061
770
6751
7435
1331
6543
9644
7086
9480
8425
9705
3047
2140
7154
6681
7895
5501
8236
8686
8040
5380
199
2107
7274
90
826
4022
6399
3713
278
8800
8126
2911
8330
4293
9442
8201
3205
6217
268
9290
832
2727
9190
1493
1383
5979
1201
3000
9726
1479
6852
2222
7878
5765
6647
9191
773
7197
1068
5013
8221
153
4058
4540
9326
33
4731
1497
1636
3030
9900
5893
1332
3172
4399
2725
179
5662
1347
6752
8580
8419
9791
6738
3443
3404
2341
9922
8605
5685
6488
6464
6938
2642
9388
5860
7565
9952
4654
1221
456
7555
4569
8021
2400
9010
850
7705
5519
95
6895
3044
400
5728
3632
2727
4669
9171
4603
9325
9731
9303
2883
9483
2246
5940
7030
2111
5368
8448
2734
7578
3376
5180
7503
9916
9862
6182
9677
278
5006
5417
3948
4270
102
2991
7903
6610
3606
3343
1202
433
9562
1671
3015
8075
8202
2781
4476
5044
3909
5861
9674
5196
1581
1399
5997
1813
8051
6550
295
3549
9986
534
6450
139
2275
1110
934
9752
2656
5398
8803
1741
7363
8072
6127
4406
7666
5963
7188
523
7035
1359
6568
657
6366
6390
8345
6986
8864
5322
6639
5914
4848
4901
1591
7333
9990
772
8386
3292
4499
7354
2820
7203
1067
626
8617
180
1274
6532
401
4950
3778
6923
4713
7451
3110
2957
4205
6671
5567
3074
2939
4922
8478
9994
1870
7704
1496
2744
2726
3862
2961
4204
8931
3281
1987
1256
8956
4831
4206
7751
7397
1703
8477
1612
1359
9383
4780
6882
1244
99
8585
4123
9599
4189
2417
228
5773
5772
262
1023
1842
350
4971
527
3468
9954
2685
743
389
7292
1974
7070
9486
1209
9426
6795
2126
1095
3053
8723
3247
3423
3157
9772
1621
7862
6693
6208
258
7881
269
6687
2771
6030
5087
8637
7848
5923
2560
4155
1096
1974
1672
5338
2407
5328
8000
5484
9412
309
3981
3100
5784
1740
3757
6150
1094
1575
3936
9071
7591
3257
4344
7060
7742
5466
9564
1212
2793
6377
2393
6664
8516
9546
3288
9179
4539
2210
7226
6980
9128
7972
8875
6310
1391
6087
8805
4282
908
7542
1201
8708
5440
2369
2380
4665
268
4462
4764
4795
1650
2223
999
727
7129
1810
7712
6935
6527
982
270
1874
4524
1924
580
7023
739
2219
6269
6126
1410
9672
4367
4209
5377
70
771
2812
8089
3099
4512
5644
5279
8681
4699
3975
2119
1834
894
1187
1197
1094
7347
978
5205
4246
1321
7217
1473
8023
4090
5355
30
6663
4688
4800
7901
5110
8606
9999
2168
4015
5861
324
4817
6650
6019
2429
7403
7272
7571
1939
2941
9931
1072
2839
8417
3427
6106
9704
4526
3145
4809
7176
6599
9351
2336
5806
1580
826
78
8547
5360
285
9449
5997
916
3376
9973
280
79
2351
1537
7071
8721
8290
5416
7543
1495
5646
3420
5949
2214
3353
6137
2838
1056
9221
6778
9253
1793
5759
4374
5493
9120
161
803
4759
1248
1481
1297
7876
1923
2228
6369
9700
2805
8860
7823
8898
3770
6813
1326
2059
3425
9794
1409
2165
1002
1316
2987
7652
3398
4808
8481
7118
8221
1283
8904
4064
6861
728
3005
2644
6119
5770
4350
9253
6835
5121
4591
7794
7390
7048
5842
7685
2115
3919
5372
8584
6055
7553
1492
1704
4220
6415
2327
6459
5285
3208
6602
3948
6241
8617
2995
5911
3784
242
4625
2151
3874
6470
6661
5640
5280
216
1933
6141
3875
1084
8934
8605
8593
3910
5313
1176
4248
4347
836
9211
7871
7396
4708
4997
5664
228
9712
7787
4698
9814
5647
5998
1372
8182
9813
5892
933
4437
4504
8225
4847
5619
7996
7210
2957
7641
5181
355
288
4407
6448
1953
7704
6782
1658
9199
8209
3883
3688
4575
902
7437
1232
8649
9697
2626
64
8012
1386
4899
4948
8709
2403
1429
1208
6547
3361
3162
7824
2692
1504
5948
1432
1406
7491
6407
3549
5473
7514
3602
7537
1351
91
8825
6476
493
924
4960
950
2909
173
7736
632
4114
4918
639
3674
9971
3797
3454
3537
5887
2380
7031
2744
7280
9739
5155
7653
3747
320
724
2200
6004
2305
2826
1817
6405
7222
9317
6211
5189
3527
1044
3414
7859
9721
9682
5634
1116
1575
2565
1591
8035
7550
2818
9382
3224
3087
8668
1651
1888
4483
9124
3957
5824
9113
8400
398
368
924
4838
2484
6132
8120
7993
5340
3084
5793
338
6037
4627
2402
6855
4496
4786
1552
9319
1906
9884
550
1897
2284
8611
858
7313
3027
6443
266
1050
9544
8920
8287
102
3121
2744
9252
2416
7240
4709
6380
3363
1256
1185
9795
8196
7273
1166
3083
3451
4452
8100
1331
1087
7405
6425
2805
4046
445
9589
3242
8655
6920
8042
5094
2089
9613
3480
1143
6212
2172
2726
9197
7533
2158
1514
5379
7828
63
1080
2953
9637
8040
6709
6302
5710
8239
6590
7422
3473
7904
7435
355
2856
2169
4314
7971
5611
5557
5681
2218
994
1158
6432
5246
4060
7807
5810
9422
6569
2432
792
1633
9827
1538
1446
245
9873
6132
5312
209
8116
4750
5844
3393
5607
6493
1867
8568
2743
537
1986
3443
8957
6432
9198
2320
3373
4290
8096
2032
4871
5392
1719
8197
731
4377
3749
8064
5671
8843
1603
8012
2434
8069
1563
7613
9776
9715
3675
7594
3379
6705
4665
4960
2396
3066
4401
927
9578
3346
4602
5315
8938
128
6599
789
9908
3084
4529
9819
198
693
8851
4204
5405
2318
8513
2994
7254
7748
5504
7400
5495
8671
3527
9452
8121
3748
2816
4096
6536
2622
3285
545
6023
1258
7065
8438
4415
4964
9795
7106
6501
5804
2013
2122
5783
9173
5230
8443
4131
3148
6213
6060
536
7195
120
666
7240
9932
3783
5533
1239
5023
2233
7031
7963
8792
5618
9585
9187
130
7276
4588
4759
8491
4800
2359
1025
3492
9526
5666
6629
436
2922
3187
4347
6732
5112
5512
9128
3540
2775
6815
4316
6663
5815
3200
5604
234
6740
9506
3084
233
5811
4198
2332
4738
5479
5544
5900
573
7988
8434
9475
9969
8402
8619
7277
5474
8322
8587
3053
941
4616
2801
916
9949
3614
8828
9361
8402
969
2645
7716
2216
7738
7727
12
2044
523
5976
7633
4313
7051
7051
4575
1346
2315
6129
253
9644
7099
3619
587
5994
9501
8998
5759
4409
2723
7380
2985
5572
7619
1186
4885
5384
9478
4857
9999
6899
2412
3353
1575
5600
4098
6855
6546
100
4732
3921
865
8015
3708
633
391
5911
8792
749
5660
8546
2663
4006
5394
8568
9936
8680
1604
6192
530
2160
3972
5186
6934
7687
7001
2987
702
6815
6450
9925
413
7459
8260
9214
3336
1250
23
8600
2505
1330
4880
8965
6713
8868
4532
3411
9628
6473
1978
9357
2923
6974
7081
6357
6658
1656
7206
4794
8228
6901
9528
4179
7467
8923
4106
8315
2674
8040
8776
5422
3545
2218
7376
7718
8562
7626
1536
8855
3128
6913
1049
9618
106
1312
5857
1437
3605
5203
6175
6308
2075
3073
7203
9115
4625
6807
9359
9286
3693
3709
9705
5006
7501
6796
702
5509
2464
3595
5888
2139
6939
9494
3147
4790
8625
7046
2970
1284
8057
607
467
7930
5523
1201
4563
9369
3854
8536
478
8165
3043
4823
8202
3647
4184
6831
8856
9624
1572
4353
4466
33
2063
8481
8332
1794
6857
4842
5393
4750
9386
5974
8516
4226
1502
8169
7944
2917
5012
3469
8919
1511
7872
5200
6245
581
8351
7104
6849
8295
1723
4633
8422
9681
9416
8416
6164
9092
6072
3235
8444
1167
3873
717
2090
5446
1106
9376
643
3853
6257
9696
7673
7554
3043
1891
6103
1821
2935
2060
8905
5784
2634
6441
1577
686
785
1731
4173
9346
2542
506
4179
8402
3498
3454
119
363
8869
7118
1076
4709
4167
2102
6834
9589
6254
4987
3679
3142
719
1831
7477
573
3556
5990
3791
4393
7908
9259
6554
1633
4586
549
7591
40
5633
9327
4578
7965
4271
8920
6791
1805
8816
6990
26
6508
6537
5180
7746
6042
848
9754
5762
8958
6949
5222
3139
6530
3371
9270
8350
3311
6110
1113
6726
6669
563
9922
8597
7529
1815
6622
8113
7893
3304
4636
164
366
5334
4222
1398
5203
9436
7199
3365
5213
8788
258
6497
3883
9009
9850
6741
6921
4621
5095
6768
8478
3547
6222
8883
2178
4746
6570
3622
4368
8213
2126
9436
6211
4684
3818
4567
8768
1697
5797
6931
1070
8639
1645
1511
9075
9568
3197
2042
8155
8834
4148
6951
6132
5335
4747
5668
1828
4744
7967
2405
7210
5015
4500
4501
9312
9705
3847
9687
1486
9748
7516
7947
3446
2564
8859
8659
5060
1445
6300
1563
4835
1984
9551
4632
9550
8491
4924
3489
2404
7618
5898
2927
6802
8723
304
7209
207
3678
2732
7218
5279
7735
9878
1739
4406
2094
6670
3460
8529
8484
5104
6160
6477
6670
7699
942
314
1675
5338
6179
524
8209
2375
3706
6029
9261
6391
7019
3636
4836
1917
5853
1420
3082
8185
1310
9803
6984
1541
8411
2966
4524
8588
8964
7629
8286
4874
5788
8824
5361
2263
6720
6575
7715
994
7411
6520
8116
5717
2296
7299
1467
7118
8266
9597
1987
6653
8994
9019
7888
9198
770
8483
2179
6207
1271
5642
8415
2832
5100
2227
2002
6780
1013
8798
7541
2851
6708
2040
3603
8876
3375
3289
3277
8365
557
5202
4547
5327
3871
6993
276
2683
1411
3051
2789
3171
7934
6497
426
597
5633
3985
1115
3733
1714
8896
2518
7981
8952
5002
5336
2850
2334
9315
6484
8164
560
439
6246
4921
9936
5535
8281
88
59
3808
7849
9270
2509
8782
4449
8982
1779
5703
1974
1521
8496
3226
6855
6241
8844
3238
8748
8243
9747
9824
4820
9282
8878
4393
1593
1444
6757
2902
8806
7780
2299
756
575
2925
3505
7650
9986
9848
8465
9742
2933
396
4798
6909
6656
591
8288
3590
5723
7508
5455
2073
2055
2652
5450
5839
7848
4512
2122
8842
2956
3479
2682
9157
881
1119
2352
8733
6190
3019
4964
6548
7291
8929
6611
8894
2209
2517
2602
5631
8462
5135
731
251
3443
8656
9802
6809
1389
859
2264
8825
6896
7893
9553
2751
5325
1067
1211
5973
5694
6396
7447
6159
9580
9474
6753
1141
8852
811
6091
2785
850
1227
5435
2481
4081
4410
8075
2413
6058
5383
1873
7472
4355
547
7707
8293
6052
6339
7271
6815
8477
4296
1191
931
4704
3970
382
8527
1700
2296
1255
4689
9911
6199
9250
5304
8823
9678
7579
2111
8355
3161
3956
1946
1755
2976
6223
6797
9301
9703
8613
1548
4103
734
1613
888
885
3027
4686
7508
5586
1923
4558
9787
639
891
9809
2046
1491
5323
5043
5449
156
1543
8206
6637
7978
9729
3541
4291
2310
7920
446
9188
7789
7651
1913
6740
5500
4413
279
1547
2267
4855
1553
6504
91
3245
2001
9798
5228
5807
2242
2570
1245
5987
462
2730
7591
4065
899
7561
4421
5662
5658
6545
730
2110
3888
1883
315
7273
2325
4897
1833
5022
1483
6626
566
9907
3400
7844
9100
5121
6046
7308
7865
1030
5172
899
3893
3225
9207
2017
6492
7353
9680
7179
1038
3756
7527
3483
8268
6581
5499
4089
9892
7446
262
9595
3963
7968
9687
7186
6486
2079
3309
1104
6834
4579
1305
7451
8327
4151
4759
8714
8666
3264
7719
2526
4957
4104
5238
7335
4986
4274
5264
4210
1121
9708
7008
7744
6013
3188
5170
9979
8357
5141
4611
893
3693
3056
579
4652
4987
2920
7095
2611
3190
2869
2972
2156
9106
3469
5791
771
590
8287
9468
5473
1179
188
1288
7336
135
8401
6059
814
2932
5611
1570
7307
2756
4161
3832
8342
7567
8134
9004
2037
128
3008
3282
6170
4971
8912
2561
1527
7251
4177
5164
2747
6039
297
3588
566
1989
7949
4432
9919
1998
937
2510
9078
2754
5691
1167
4649
5804
6350
5124
3313
6833
3671
942
2231
7328
8280
5511
9318
5066
6781
9119
7168
2508
5534
1023
9234
5428
2721
4106
6075
5311
1252
6248
4366
5913
2109
8590
9011
151
9511
8485
9027
1416
7918
8874
9562
2031
6082
1745
4574
1840
8136
7202
2256
9033
2750
5586
3616
9691
1866
8359
3262
9390
4297
9596
3133
9721
8293
6118
3591
6403
1403
4314
9290
7644
9593
6378
1837
9212
8443
5896
6915
8905
3085
5038
2515
5129
6351
7840
2341
614
9227
4417
7098
2280
7125
5030
9308
8217
4567
4050
1047
694
8417
6724
6224
7926
2119
1795
1509
429
3861
5069
1139
72
6429
4054
9894
8868
3007
5198
2692
7184
2960
5667
3036
6840
7497
9599
4721
1807
9786
8437
1594
2863
1068
6876
9113
29
4291
521
6839
2507
3091
1427
7130
335
1286
7442
3375
3983
2668
3010
6580
4569
7347
1934
4493
2439
4295
7951
908
7595
9380
5182
8508
2178
1042
4486
3476
5541
7362
991
9032
9309
7294
466
4585
9383
9180
6736
4534
8941
7054
1834
2729
9190
1781
6181
1845
1056
1365
2303
9712
2112
6941
1433
7995
9474
2382
5710
7070
8541
8543
7651
5244
3857
7113
6109
660
6631
5612
2293
9041
9199
7585
5430
7440
705
1856
1946
5770
9840
1511
4168
7239
6714
8914
884
8657
412
8163
8865
1641
3502
8470
7525
2865
683
1888
2421
8760
2686
4178
6494
3313
6539
7861
1893
90
330
410
6680
6676
6653
3491
6846
4044
3938
8198
5494
2888
3183
4102
2095
4504
6966
6991
7989
3452
5439
8652
2723
9955
259
718
4147
2477
2751
1238
8632
3300
5686
6316
1470
9124
5754
2093
7877
921
477
3957
8296
3168
7486
8484
7335
7263
8051
262
3940
2590
5548
3967
9088
3813
3352
2097
2988
9692
1127
9788
5069
2628
7612
486
6032
5782
3495
5142
1205
8902
8826
3947
6988
1275
5798
6850
9865
1290
6045
8204
2600
730
5763
6822
2514
487
7064
5062
5642
6704
9400
3101
9080
2646
6985
7988
1975
7943
2636
8598
4824
6096
4120
2574
6221
9767
7905
9114
6595
7164
5538
2911
1023
1716
7171
4146
7653
4614
1580
8549
7019
351
1286
3600
4623
3158
5703
1216
5546
5773
8205
481
6999
9652
1968
4697
5551
3585
2353
4181
7869
3421
2580
2972
8219
4100
2826
2095
5813
5824
6675
2981
7481
8470
9569
688
1535
1145
8522
1179
3511
9870
1527
9175
1818
8222
1730
8117
2541
9640
6654
2656
763
9920
6969
7145
8620
1559
2555
5085
3697
6851
5757
9330
7930
4851
5501
4196
7043
2692
9520
4259
8734
7374
4579
6579
286
1540
7242
787
9835
584
4788
733
4430
5817
8593
7194
1182
9763
3664
1067
7580
1416
2092
7819
3367
9686
6068
6760
6685
5966
2368
6114
7844
872
1756
4474
8178
8740
2527
3577
4364
4182
1440
5562
8756
8753
2697
5342
5071
5438
992
1788
2954
3388
1823
3820
7410
8141
9930
5529
5429
7093
8552
1501
4049
2969
5391
4509
9361
4311
3129
351
3208
9073
5993
9491
9635
573
3105
23
4958
2726
7368
2687
1405
7733
2349
2055
5648
9768
8943
7098
9733
6769
6943
5998
2380
215
5873
9377
5377
5981
4623
3996
2056
948
9613
1491
8142
9506
1283
3106
5272
2771
9879
6039
2100
1257
6934
5467
3485
8990
4983
3355
4973
5089
2980
9519
6309
2763
4953
2696
2214
358
6871
7989
376
4194
6791
5150
7043
9713
5909
4200
5416
1089
5450
8838
2126
8576
3872
311
7485
3731
5524
5728
2492
6387
9350
9103
385
955
8640
399
5446
2199
1208
8094
6185
8028
9399
8963
2637
7368
9910
7908
5969
7580
1449
3377
7839
2820
1155
1504
4383
2318
1139
6853
7250
4608
8702
6669
455
5732
5936
1877
2986
200
805
4016
7551
3693
3794
8761
4976
6156
7732
9587
6443
3806
9582
3627
1453
274
3817
3623
8977
6662
6112
6641
6856
7498
5291
8708
6564
6511
8905
4798
7393
7067
9243
4028
2508
5811
7741
3947
6717
36
809
9635
1662
5384
771
8677
7225
337
2267
2114
2487
7675
4075
6702
2227
4548
7112
3431
8063
9245
4472
4430
6006
117
7160
4775
927
3174
6868
8110
3529
9532
1238
152
3962
2655
6409
1528
1614
5005
2787
5868
2081
1953
8125
4497
544
9339
4370
1593
8679
5610
2313
7097
3184
968
8138
5880
3482
2783
4445
3232
1788
9576
9169
6842
3847
2725
50
1871
7103
4525
2850
8704
2266
289
2575
7130
2259
5696
8746
4473
4773
4300
3200
6900
9992
9149
8045
2838
2479
9960
5503
6231
3770
547
9999
4289
5611
4105
5806
2410
3436
1672
4215
9059
6409
9178
2275
8071
9156
753
2203
7981
5444
9376
4164
4235
1971
1045
6314
6153
9708
7191
5181
2413
1959
6196
2922
434
7740
3951
544
9772
6518
3410
5241
8721
1215
7915
6810
599
3785
9756
2856
8524
208
1312
451
6438
4611
6909
3017
4356
178
8258
509
5607
4698
1551
7419
2442
6681
2220
7581
4642
6144
4836
600
4614
2985
9536
6133
2065
1899
4972
8382
1020
2538
7712
1294
2289
4997
1967
8081
1732
6418
1278
5046
4804
648
1689
7712
2178
199
9255
4800
3331
8970
4641
9598
3630
2681
9641
4762
3111
9051
1641
4186
8506
7424
4067
9844
31
5802
2394
4178
7004
4785
2419
9565
1441
8641
6378
2395
6141
4326
2356
2757
7167
2802
6756
2554
7615
6465
6459
8821
6350
1258
6328
9242
9480
7612
3400
8770
2271
6639
7866
5485
3031
6132
6812
8449
6642
1871
6225
58
7132
988
833
7594
989
7128
3937
4703
5854
2680
3591
8293
150
6882
5609
9756
7052
1647
2301
8851
4208
8848
4100
4170
334
3522
5914
1181
847
2003
6706
5058
5234
6321
9501
5165
8522
4766
6064
6002
7408
9598
1700
1088
8502
6965
3848
4197
6935
831
5025
5186
9759
4630
6492
3435
1802
7142
4246
8104
4003
5270
412
5041
3185
5810
3955
1587
9729
8138
8407
3396
8891
6128
14
427
4785
7154
5648
1813
7319
180
8065
4459
6699
5975
2860
3914
4597
9066
2944
9335
2552
7088
6059
7421
3635
1354
9008
1168
1024
8083
2913
2550
2025
8386
6614
5011
5250
9422
5535
9653
7305
4101
3801
1626
8352
9601
1811
2648
1548
53
8219
9716
9778
381
9700
5399
9754
9831
213
9808
2907
773
5492
5699
8672
3410
4238
8314
5861
6107
9460
1243
1543
7352
8482
3921
7754
2331
1096
5768
9834
465
5392
8600
1253
8500
4936
2342
3811
528
2362
2629
4656
9143
5007
6936
7598
9689
26
7839
8732
9963
2588
3266
8738
7609
9416
5347
2312
9713
4618
5566
2842
7624
3217
4540
1515
3077
3592
423
3807
4070
5488
8519
5114
7214
1485
3546
8084
1571
8895
6961
7991
8179
9681
8582
7428
1691
2132
7841
6375
347
5921
7745
357
4826
6450
529
5470
157
3020
4379
1428
11
9761
1839
923
1479
4415
977
2590
5657
9331
1942
109
4448
7619
7757
337
4688
2773
5262
3824
8383
2702
5134
2463
825
5469
7622
9340
3169
9698
1585
1048
582
2379
1943
7243
2491
2722
1873
644
5978
5991
4329
1024
5038
9774
952
5924
1972
2649
6123
8588
7404
9266
6678
347
7707
1730
2254
7952
5858
5264
8219
712
9897
5336
4458
8081
6370
3284
3813
7476
8506
6222
9428
5843
8796
6171
7902
3109
1696
2297
2856
634
2465
5249
6290
263
8082
6323
5254
7911
2509
907
7950
2724
6958
4104
5543
9503
8069
4313
1346
3839
6987
4050
8986
2681
5721
6849
3197
585
8857
4328
5296
7343
5801
1914
7703
7153
8385
175
3246
5438
3390
9234
1830
1762
2624
890
8797
136
5967
6542
5873
6895
5626
3863
4181
4797
8628
4531
6310
8003
1016
4449
9840
7115
6831
2229
5610
270
531
1180
8709
9931
9526
8061
2267
9914
7008
7558
5233
8230
1294
9436
5271
583
462
7857
3500
6076
6281
6647
8794
8444
2724
5032
2028
144
2309
8634
8920
4182
1257
8248
158
4079
8941
8488
7391
1567
2291
7390
1537
6853
4479
2170
9360
7600
9308
8521
5465
9796
9071
3334
2668
4921
8889
288
3449
1029
6750
6482
134
7284
1610
82
273
9742
2781
9330
8182
1694
9434
4533
85
7756
2487
3582
6975
4344
5736
7587
8334
5416
6610
7471
2938
3782
7238
7733
7900
968
9841
685
8632
5155
3346
6325
8286
3495
6347
969
2457
4655
2535
8044
9996
8184
8386
1668
1272
3683
8010
1937
1611
1696
3885
6547
683
2788
5762
1580
1523
6648
5838
5266
9433
4570
8284
6027
7356
3129
8918
4152
6083
95
9552
9798
2738
6070
6092
3124
7215
9240
9909
2042
2820
7758
3313
4959
3845
449
608
2174
636
8466
8666
9059
1214
7268
2715
9203
2438
1289
2082
3703
5713
9784
9371
1339
261
4277
6632
7744
9891
9301
5397
6279
3968
4710
4199
6363
1024
2948
7063
1322
3457
2500
2387
647
4572
1904
8170
9778
9987
4084
8279
4038
9688
294
2732
7155
5940
7950
7256
1482
4695
5309
4778
4575
4375
2048
5189
8892
6231
9349
2943
4420
7146
2277
6278
4208
3112
1895
653
8692
9990
6321
9144
3199
7463
1805
7284
3888
3515
1769
5650
5086
6885
2705
5736
1092
5339
9094
1760
9505
981
6809
4660
6807
4923
8217
1575
5083
3908
6064
7476
391
2152
3916
9395
2628
5581
4554
8414
8130
9933
4118
7643
3192
3802
6381
15
2719
1181
3098
1347
9804
3737
30
3826
594
8536
2413
4469
839
9751
7699
7569
3996
7681
8365
4713
1337
9724
2000
4033
6851
661
3020
4774
8005
8348
2983
2435
6829
9131
5721
9490
653
3347
5855
4586
7851
3889
8778
7992
3829
821
4790
5893
2740
1296
1320
7744
6009
7590
3053
5212
2613
3732
4564
8319
4878
3942
4625
8370
8029
5984
9665
9623
9714
1153
3353
1564
1517
93
2760
9927
7086
1454
1660
8031
2930
9572
1799
8144
3681
8506
5803
1422
3039
1755
4568
9847
1764
3358
814
3619
7407
74
436
5867
3195
7586
2848
4968
6104
4308
3415
4226
6761
7744
2855
1224
1795
8992
7465
3559
9942
7334
1334
1
4316
8978
1618
155
4475
4339
5216
661
1745
8513
6750
4938
4427
4177
1638
2799
6788
6514
3113
5783
4876
1366
4265
6440
8836
5232
9842
5019
7380
7352
1760
6042
6790
8128
638
2913
8292
9813
9650
5275
6068
2354
3848
2489
1134
7725
6687
1676
5198
3754
4669
8776
9206
1979
160
16
9822
60
8455
9548
4289
1939
3942
7818
8264
7411
7241
8529
3980
6444
711
4700
9786
5323
4102
5245
104
7558
2519
8048
2940
2421
351
6382
2515
8630
1784
1657
1206
2531
8025
5054
4474
4104
4763
6138
893
6716
778
14
4865
854
6433
1267
5141
2671
5160
8591
1355
6685
1758
8362
2544
281
1091
5460
1113
263
401
9317
1131
5952
7224
3239
628
7863
1717
9832
6535
2206
4387
8316
7345
8257
6707
9147
5495
1808
1693
5744
2552
9791
2292
4529
7397
570
2586
8453
3182
3057
5177
2019
7356
4550
6126
8629
9374
2771
3347
2566
6194
9613
6
3135
1170
6368
2766
4449
2203
6870
7039
8527
4975
2542
463
8748
3388
7480
1310
3583
3843
5444
8875
3254
8629
8328
9019
1529
867
493
4668
765
819
2302
5830
4784
1962
7694
2180
244
5955
6734
8587
4488
7529
1095
8752
4578
8127
3195
3873
6325
4634
1963
5312
8727
4554
4597
8735
332
7106
7530
2720
5193
2149
8166
4208
2462
3461
5293
8916
6458
9826
7679
2394
8021
2729
9423
4175
7380
2924
3260
7111
3443
4009
5493
3955
9595
330
2491
5664
3301
2891
2242
8281
2545
3390
4244
2302
9093
622
6897
5615
9051
3044
7370
8006
8690
6106
556
6554
1106
2007
657
7479
8364
642
3295
49
4038
1879
6177
4012
1028
7794
3781
9545
5897
3838
6654
2641
2468
1917
7571
8662
9909
5969
9100
6294
740
5283
4051
670
553
8359
6687
607
3537
390
9896
5690
2647
8485
7670
3240
3669
8105
1152
1589
7039
7662
6220
4242
3351
3333
4751
956
4504
2060
2951
3619
1357
6009
1514
5644
2674
3438
6788
8518
4446
1585
7890
9122
1747
9260
1091
4431
7212
8301
2902
8599
6343
1999
4654
3221
1952
9335
3050
9143
8921
8287
268
3745
485
9467
1002
2357
7045
7450
8507
5865
9131
5012
6491
3768
6886
5045
5997
6624
7761
9426
4830
2800
4502
1671
1499
1487
733
6841
9588
9219
5636
4550
5474
1604
6551
2678
6627
1832
8116
590
5577
767
1529
6271
7690
7552
2423
7802
303
1186
6395
8978
6403
8391
4791
8017
3352
9638
2387
9853
6877
3849
3889
4037
9036
6706
3230
8782
4907
3671
4160
4667
4834
1111
4082
3582
1612
7595
3024
3163
776
7724
4601
9882
8531
5213
6047
4579
6781
9454
9826
3852
3626
52
2007
9498
9423
4547
1806
8605
5108
6965
3537
2383
2832
8960
6962
2931
8009
6937
7437
7769
4329
1196
3402
6597
5214
2715
4107
5587
7221
6278
5275
9085
8024
1599
946
4390
6249
3399
9781
5656
1038
7190
94
4761
9905
923
5704
573
5778
5360
356
4906
4074
5304
6149
1026
3323
4328
6884
3770
9736
461
2307
3073
7210
1522
4608
2329
1462
1778
2352
1883
5829
2790
459
6247
289
8549
1831
9009
9498
4602
6099
501
8036
5606
5905
1768
8576
1130
1422
4296
3488
519
6598
8168
9563
6248
6700
9813
408
6219
777
4502
439
2353
4013
5405
2929
3437
2602
4165
7670
7602
6336
838
599
2478
5264
687
5935
5071
6431
250
2680
5629
3980
2447
6478
2337
2943
7029
5025
8009
2089
2690
8305
8848
1135
6289
8107
4311
6039
895
5911
7587
9247
201
648
3111
2162
7428
5176
4414
8595
6207
2872
5973
3596
4186
1713
8287
7746
3477
8085
4587
5815
9005
8754
6652
2758
8204
7536
364
7944
5603
2136
6617
8185
2594
3248
7332
8150
132
2569
8408
1638
1726
7327
9767
7392
2214
3142
3004
7754
5661
2077
220
2976
9061
8285
6589
8464
2439
8730
8993
2932
5105
6608
4830
7713
5326
8661
5928
5345
4148
5285
4357
8279
229
7419
7483
9396
182
3731
3025
7518
4606
8295
421
9212
4914
2095
2010
753
426
8242
588
7020
1633
9103
1826
2707
7421
574
7422
8524
1489
5276
3075
7835
6093
877
2901
2159
1525
3251
4779
3165
8415
967
8581
6995
4266
7071
5912
6858
2627
6741
1362
6007
8977
1169
8053
7743
7684
6134
9309
9642
9490
5922
3661
4624
4947
4704
5583
8126
4338
6512
6041
6391
8413
6593
9513
7151
1653
8663
9473
3317
1811
6117
3706
9769
9163
7090
1932
6258
9027
1590
1518
5409
5219
5294
9386
9108
3482
7601
4521
8464
7537
3419
2286
9700
4815
2729
3154
5285
7524
8365
5782
3920
7921
2835
2699
4091
7887
15
8154
9649
7111
6656
6691
729
8467
538
4986
6058
6631
927
2212
9939
4643
7202
6897
58
9786
5068
2398
5851
2692
3944
2915
6414
5650
4633
3510
838
7172
4093
5592
4842
2889
9910
2606
7402
5118
3719
6535
9135
825
4171
8906
6559
7591
4950
2448
3429
2043
923
426
2833
8542
1175
2044
7084
8109
4690
4580
3360
5165
3060
2959
938
8488
357
3345
9174
9755
4545
4544
1055
3413
4210
7017
7464
4293
9593
5600
3880
9731
9911
9202
7600
3464
9219
2636
8496
5160
6060
2299
8029
2885
2288
1213
5197
8568
2104
7534
882
8872
1243
5806
2347
3492
3458
588
9010
3578
4489
8225
9023
5237
9537
180
9941
7611
4711
5318
3526
2769
8738
1104
4437
5802
1965
4427
2432
1234
8585
2506
5001
8517
1234
5081
4633
2143
4250
9279
6415
9718
1565
5883
1990
131
336
7749
3669
6981
4740
6390
323
9683
2765
4849
2550
1598
2155
8299
6333
4902
1317
1077
5628
6361
1741
1068
9774
2938
9081
4985
9250
1802
6465
3229
777
5033
8056
3988
6060
3788
7262
1408
7181
8491
8064
6203
7298
9417
1804
6182
9034
1049
5347
7481
4255
1797
4054
1518
9333
1237
9244
157
7357
9097
8862
7442
8515
4780
4049
7005
639
3539
3219
7196
9198
3750
2462
3957
3557
1077
9232
8509
3242
1600
3202
8679
9397
3626
5830
5147
3613
9223
6111
1128
4622
1426
1207
4187
6743
7167
7495
5992
9582
1233
7876
2941
6938
7302
6068
9781
5319
6819
3582
2660
2035
9168
3281
6688
8148
1436
6458
2876
9395
5791
4368
7940
4361
1118
5027
1963
9346
1536
1224
3405
27
1937
581
7884
4488
6981
1171
6075
6777
9884
8650
8174
2487
1548
8678
3550
7358
2051
8277
5143
9102
3222
8569
1479
8443
3430
1113
64
2004
4900
7412
5069
2886
5237
3755
3024
7580
9498
3000
5707
868
8299
7612
2933
67
212
4468
1671
9528
9672
991
8242
4755
7839
387
7892
1788
6662
3288
3693
2522
2493
7665
8701
5758
7409
6082
9859
9103
1569
6940
5589
6319
3838
1473
4103
5263
5711
9581
9700
7830
9793
683
215
9597
4110
423
3789
6065
837
902
946
6774
4924
5000
5685
6690
2212
126
5544
5335
1927
2280
1096
4194
835
9608
9275
4924
6777
2046
6312
3627
9150
3975
2372
6826
5541
330
2152
3903
9799
6548
9205
5251
4487
7227
8155
1097
8082
7290
7159
2056
6442
3885
7990
3018
1581
1765
2395
5536
5512
2552
575
1380
5120
9490
1192
7726
1574
3884
5486
2177
2325
3070
9162
6509
5655
4014
9004
7401
6392
6690
4388
3311
1354
5807
6351
3049
8293
9500
3556
3439
2958
6867
7444
3390
2758
5811
2426
6945
461
6081
7708
6468
7525
3706
7175
9121
3493
9478
9601
8895
5985
4292
8360
3442
5916
2879
8811
2399
229
3756
962
6423
1020
8949
588
8004
71
7658
7263
5452
3248
7171
1780
9712
3859
8328
8923
4494
897
8633
3364
3455
1318
1787
1096
2901
4238
2041
2134
1242
395
4717
5706
3884
9052
9717
3447
240
2144
7437
7489
6141
1748
6219
2181
629
6958
3646
9127
9288
3007
2792
2185
6053
3827
7708
1634
6925
88
6028
1116
7477
5286
7821
7127
9277
3384
2225
5968
6497
4484
212
9026
8206
8632
8812
6624
3151
1082
8372
9705
1668
6229
379
4314
1870
8953
7953
9580
5119
455
2871
3224
7922
8489
8405
411
5672
4945
4146
8817
1150
5911
7319
400
877
4637
4725
1276
138
6717
4668
8622
747
6544
9675
172
7381
6476
9396
8943
9523
3453
740
3738
8028
8720
5974
2601
8244
9522
2438
1360
3939
15
537
5720
6574
1177
9847
5288
9610
4748
1919
4652
4425
7761
9477
9994
4126
6255
1009
3096
3324
3539
1412
603
2256
8579
2728
1112
4352
5377
8376
7464
5778
5989
5656
1978
1092
1649
3360
6032
6180
3159
7601
5671
4088
2180
8678
8215
3192
8486
3453
1324
2375
4350
5009
7854
354
4417
2212
7264
6814
7364
3893
2668
7314
7566
8727
7634
7935
7969
566
3842
6136
1442
156
460
4090
3438
1335
597
9870
9351
7339
2645
7665
2730
232
9683
2327
4073
2595
7008
7571
1311
5554
4456
9389
7156
305
6639
7315
6606
4665
6062
3438
2831
5178
8019
5049
3904
6327
3696
6222
8696
8362
4924
9169
623
4985
2209
280
7591
2019
7303
2205
2051
1838
3652
8164
9555
7220
7644
5066
727
8759
7719
9059
7049
7863
4129
586
7010
9342
5210
5709
5616
5079
89
2689
6567
3298
1039
6555
4029
1749
9233
1895
6113
4682
3139
552
1171
204
285
307
7459
4195
834
472
9046
3446
6512
5526
6934
4457
9326
7711
8942
7744
5664
954
4178
4114
9916
980
749
4585
7070
3408
9876
9409
5741
6208
1722
3430
6671
7247
9431
5967
8529
5261
4008
8444
6783
5341
9885
5975
3137
4687
5472
1968
6684
2794
2460
5286
9467
8682
2695
6981
4680
132
8531
2694
6334
8415
5353
8656
4396
564
3815
5018
6968
9606
1448
5864
8906
7522
5156
8217
8570
4729
8010
1152
4808
8839
6605
5541
1631
55
8242
8926
4280
5148
9101
9698
1038
5042
2536
198
3892
1155
3176
3860
4954
8422
6576
4191
3315
2232
3589
6942
7380
3873
1330
1653
1494
4773
5132
1094
5946
4614
4378
3869
4336
7464
4219
2507
9951
3547
817
3519
2979
762
2301
8249
4127
5552
8548
404
1415
2218
5746
9755
5360
6581
8033
2941
280
9333
1459
8826
9697
4401
9568
844
9144
7392
1424
8655
5999
5013
5626
8883
665
2678
2650
6028
5934
7541
5290
6130
2464
6697
3816
2012
4092
9304
2340
1183
4571
3379
974
3002
496
4048
9681
5845
1081
1728
8681
506
2051
275
3242
8953
5017
7016
4903
5361
378
7996
5781
8709
8077
4578
9316
5161
3830
3241
7327
659
8214
7084
5682
6415
8774
3903
5283
1812
4256
2720
6648
8261
5099
6244
8846
5005
7883
5328
6277
3742
1862
6924
6698
1683
8776
7665
1369
5586
8712
8028
3791
6115
1484
3392
8325
8232
6890
2024
1491
8061
1151
3817
6055
2814
187
8715
2250
5257
8946
1771
4555
7775
7047
1970
6488
9586
18
6186
1916
5954
4329
3500
4509
933
3054
3680
9262
904
6310
2402
6308
2239
513
7860
5403
3291
1177
8583
5952
4402
4281
9780
4483
9920
1941
4372
5727
5367
4895
1700
3760
8941
6762
4722
9416
6687
5457
6593
4842
5504
7083
6116
578
7473
6002
569
7616
5665
6236
9375
6123
1472
8470
4044
9368
2723
1487
5403
466
3655
1689
3020
9365
7944
7099
5707
9841
1603
8992
9260
1694
4064
6000
9570
6327
8431
8117
5392
9734
1341
701
6015
6545
2899
7366
2673
1487
2684
8455
8783
994
9634
115
9883
2909
6572
7109
326
3813
8722
7788
8481
7667
365
3756
4651
5524
3094
2024
8335
7784
6977
4752
1278
2804
3665
2919
8695
2700
320
271
410
4488
7407
6234
3231
4747
4788
3180
3499
6105
6384
788
6742
8556
2662
8431
1213
4415
6240
3359
4608
2940
8665
9900
5116
8315
7749
8953
920
2936
5746
8488
3450
444
361
8755
8751
2962
8537
7646
8635
2385
7476
7294
6352
8126
2966
915
9794
582
5577
7151
6335
5458
5690
7496
9659
576
5061
3777
1461
3829
9569
1571
1522
3103
4494
6926
8163
8410
6129
6527
4757
8801
5019
5859
1511
3351
3199
5486
726
6638
3869
4677
6516
1612
223
1082
5764
5485
8094
6988
9233
7850
7294
5555
5907
7527
5962
8497
4652
5742
4735
4055
7448
6027
5529
1528
2983
756
9829
7361
4300
8976
2795
3232
8043
8253
6085
3257
7738
8686
1524
8947
4800
7318
9390
4212
6200
5355
4859
3672
5647
1792
6392
9719
181
4433
1781
9103
6399
8182
9487
3878
1433
7387
7178
6161
1507
3916
4566
2870
7159
7920
7954
6027
3345
5329
4927
4279
5159
526
6397
2586
161
4813
7486
3309
7784
272
9166
9068
6917
1809
895
8773
1428
2374
4086
1131
1210
6776
7307
7517
6202
9442
1973
9090
5863
1353
352
5501
3219
7507
444
4211
5717
2209
9100
2638
6128
9599
3915
8528
8649
226
5376
5170
5361
5276
6904
6750
9625
5010
9071
8290
8978
2254
7663
8818
399
9299
7108
8659
3247
1503
2005
4463
5179
3948
345
3101
7253
6570
5250
6026
8555
4667
6893
6849
5504
1524
9772
6101
941
1925
1959
6771
7601
1499
7085
7750
9546
5743
6164
3233
1622
252
9497
4021
1312
8285
4781
7371
8068
104
3102
4623
4008
4186
4588
4928
538
6971
1362
6055
5785
7927
7702
7744
4286
7565
7441
984
9721
9378
9458
8032
5937
2255
4493
9193
9749
4812
257
6811
5728
6713
9420
9288
611
7641
2100
1074
4845
2515
2806
9373
8991
880
8890
9872
7688
5516
2702
2388
4777
8295
5892
9868
2848
9106
4912
111
1037
8193
6823
765
8335
5046
8626
231
1436
3543
103
5678
6341
4875
5832
5108
2685
6594
9772
3467
3343
7962
4117
6306
8063
1273
8162
8475
8063
8629
8258
7211
4440
6158
8002
9347
3041
1215
5355
2706
2648
9728
8220
4877
2334
4379
3328
5000
3598
5212
144
2523
3141
6091
639
2770
685
1469
1048
2602
1035
4295
7484
6496
3537
3185
300
9625
6880
8577
6603
6276