6918
5841
1800
3006
5978
4789
9629
6580
2447
1031
1285
2677
4164
8818
5188
6865
8358
334
8810
836
3551
2314
8614
4591
1099
2504
5324
1639
376
9614
219
1883
9581
5385
7482
3014
2358
976
1332
8553
3290
7081
5370
1429
1433
6097
5073
7199
8227
9387
2105
6136
4704
1642
1687
9888
36
8521
8067
446
8150
6962
3560
9338
3943
1840
1052
8734
9222
131
3234
4534
1335
9506
1906
4872
3189
3246
3849
4532
8226
2306
5260
2467
2162
4311
8545
4082
2176
3909
2845
898
2047
441
9852
6078
6194
1406
1481
6009
6413
769
5405
7110
3618
7215
4890
2052
8471
3504
241
9373
3254
1408
2158
4639
7375
5179
2615
6700
93
6893
7424
7567
9313
7502
2633
3123
6877
4210
2151
4190
989
7152
5129
4034
666
541
8627
7729
3653
594
3037
6402
3999
3838
1899
1044
6951
7498
432
8439
1163
4219
8531
4451
2928
4495
6574
7138
6543
8126
687
4307
9845
9938
3247
4685
6414
3747
533
3916
9534
254
2587
1385
7473
1158
382
6798
9875
4804
1639
1674
9144
2825
5382
673
7595
6664
1472
773
2543
418
2070
1879
9756
5269
5506
3872
2344
8010
9437
8870
5702
5135
5070
619
249
9517
5458
1295
9187
2200
8392
9081
7728
1295
5672
6694
5352
4069
6162
983
1141
572
4687
4404
1834
3894
423
9004
2729
725
2395
8713
8704
6019
3253
6811
3055
5007
4163
1947
696
4604
5825
8033
7459
3117
2351
7632
7949
8278
6310
3945
4980
6911
9826
1211
1641
7444
6218
243
5248
5805
5897
6814
5098
6692
11
8548
3172
4559
7258
8635
3326
2707
627
3187
4275
373
3457
5067
8376
2903
5877
3291
7527
5922
2957
450
7195
8888
6935
731
7331
7743
7495
4096
9042
1096
1620
970
8770
8673
4823
344
8834
6719
6517
2151
657
6928
8689
2969
3574
7787
6329
7302
9302
5404
7006
9702
4892
5313
5478
4864
8183
7702
4401
2569
8362
2708
2070
1654
5801
8505
9266
6907
9560
1863
6121
2625
4555
4644
8359
7981
6526
8660
5947
4710
431
8460
4537
9678
2402
6230
4452
2443
6089
5356
9916
2117
1786
2663
5123
9438
9164
4986
3253
2720
6953
761
3210
2820
997
8292
3805
5785
2198
1689
9336
1674
279
9714
9061
4407
5359
5018
6715
5488
3015
316
830
9914
9710
8933
6502
2493
7138
214
2256
2460
9291
2806
5197
8022
6463
2264
4571
9038
2785
7504
2930
7611
5891
9241
9846
4940
885
4115
8979
5127
8737
8981
4185
4007
6473
7259
404
2945
4316
4658
7647
8934
5586
2307
6383
6626
7689
5854
6708
6831
7234
8952
2976
2540
6849
7876
9967
3850
5731
1109
7820
9601
2327
4724
949
799
9474
8666
2681
8418
9620
36
9435
7446
1011
1854
6784
326
5466
1406
152
1468
2707
2260
1902
8279
8917
4387
7236
8763
2701
8668
2326
5164
5559
6015
3526
3397
9714
9680
469
2482
5347
1357
5757
895
2682
5856
541
8619
5526
7391
9924
2723
3501
4757
8065
9824
9312
5218
8261
6119
4789
9559
1317
8645
2477
4615
3765
1032
4382
2282
1815
8797
806
7740
8454
8849
6721
1339
7314
5525
3081
7274
7334
608
2923
9642
4675
8226
1056
6959
6572
7268
9789
9527
6713
7721
5309
7353
3789
3980
3321
9840
1261
5414
8616
9688
1184
4322
7615
5379
2460
8178
4184
9807
5832
373
8860
5547
6810
9536
1223
2207
2880
9373
3204
8053
7846
8030
2992
7695
8213
5913
3244
6329
84
7074
1724
4384
7929
7325
3200
8280
6095
3808
6063
6213
4
8801
9109
2537
3559
5675
8845
8054
6579
528
5767
9656
8340
2682
6622
8456
6798
2095
2625
8939
2662
1975
8410
2789
8780
5485
9491
8824
5459
1043
6800
5763
5569
3950
5942
6904
7271
4058
5485
6333
4459
1690
7852
8083
9416
5025
6768
1419
5940
3314
6173
3578
3385
1573
2027
4796
6408
936
4683
8353
7662
6013
6086
626
8827
912
2730
6475
9993
5428
5915
6869
7303
5143
2755
1987
6610
5999
6053
4040
7490
7632
359
2680
8580
1305
363
73
3819
6530
7613
2773
2356
9151
2498
251
4112
5800
8447
7531
3218
6768
1499
9808
8471
234
1654
7537
1722
8564
4295
8427
4069
8625
445
7688
5033
897
6202
6943
6683
1405
5329
2721
4935
4034
1637
15
9170
7490
659
4376
3648
2897
270
915
6396
8093
6443
2617
3726
8404
5889
1046
8129
612
8012
4512
8971
2743
7900
6702
7968
4026
7481
4676
4632
7987
2489
7388
798
8641
862
1801
9815
3236
8683
3266
342
5657
1019
7548
7115
3570
5155
179
3689
5085
3317
8596
3032
7581
8443
3581
6928
3067
9689
8360
1387
1197
2506
6265
7247
9313
5822
9736
911
7219
5219
966
4417
4190
9338
6070
7373
7267
9904
7991
6351
1699
9423
3280
5217
4185
8169
8236
9285
7997
5640
2836
3009
3485
2851
8449
803
7229
7186
5761
1120
9178
308
4325
9541
9709
8081
3735
5353
5301
6477
1769
5201
5384
9371
6784
1692
2462
8622
1412
2416
6083
8016
8215
8538
1957
4619
6360
5631
6241
4573
181
7191
6728
3277
7468
4664
7164
7325
6574
3104
2107
8778
3884
9344
8953
3413
4563
6022
9297
825
8781
2073
6486
910
3351
9908
2640
2633
5090
6626
7808
3834
4028
8979
9277
9316
357
6626
9636
8316
500
9123
211
1887
7480
6292
3445
6942
2664
274
8377
2900
5081
9665
6994
9817
4220
4124
4588
5600
4306
5714
7847
8771
3963
8001
8215
5039
2124
2746
9199
4970
6093
325
4927
5493
1156
9956
4236
7076
1699
4284
7095
6719
6988
3685
1126
7192
3897
2024
2008
2800
6453
7413
9783
3396
2241
6596
8563
1165
9647
6485
8434
1790
8477
3060
9544
214
1630
8700
9230
6170
5679
8202
4666
5451
3465
6253
1804
1657
915
6991
2309
1060
8165
5196
8762
5616
3531
6721
6134
4317
4065
3409
3196
4698
6529
9609
7940
2066
7871
8141
3263
8912
2083
6706
5318
8902
523
4789
684
5008
2935
4970
9172
6336
7693
8287
2608
9996
3699
9292
4554
5663
4875
670
2008
2062
5138
7822
9580
4586
968
2515
3141
3
6296
1576
3871
7271
2069
3100
8494
8057
904
2339
6851
2586
44
962
5419
5361
4103
6020
2936
7903
4648
7189
2515
1513
8328
1847
26
2240
4078
9203
8155
3830
9720
3425
8286
8062
2836
8035
9513
4960
2232
7769
8210
7916
6788
6484
7534
1714
2631
8270
1849
9315
8745
1291
7491
6169
6704
5286
6000
737
6586
3026
9213
3400
7208
6948
7369
9056
2167
6446
297
7274
7894
4117
8567
1125
7796
2980
5048
1283
6127
6854
9314
6444
2643
4881
1835
7109
7204
2105
588
3038
8664
6346
227
6220
2949
852
8186
8642
2781
67
2127
4274
1937
5974
5171
5183
7511
516
2403
6228
2215
5588
2347
9909
8064
452
9628
7261
9979
3391
4901
6205
5039
1752
9486
160
1308
1854
3504
875
5274
5197
8066
5416
2241
6023
4891
8965
8108
4563
8417
3344
931
8918
3738
3596
3114
1413
9065
1105
7566
5808
7836
8399
9992
6701
5462
268
8289
5966
9575
1924
808
933
2908
1739
7291
8809
4914
7516
8960
2049
4407
3877
9523
5949
4105
5886
4003
7767
7422
8714
451
670
8951
8008
9528
1819
7200
6210
9407
2026
1432
8728
5784
4624
3224
2555
8676
8529
5426
5744
5825
160
4945
4608
1072
9865
7067
5234
9992
8487
3824
1914
9389
1156
1742
927
4422
1429
1664
571
3391
535
929
7406
331
8026
6750
5939
1635
6131
3632
4034
1464
3079
5806
1373
9576
1363
7000
9948
2270
9501
7944
5608
485
7908
804
4713
241
8621
7314
7472
2862
734
245
668
748
2064
6084
1212
3734
9091
9556
5448
3968
2551
9530
7761
2923
5432
8885
8461
9106
7590
4673
2630
7687
3322
3872
578
9779
9005
6550
8296
3835
6366
1523
455
8531
2318
9617
8294
6834
7171
30
4416
1792
9053
5495
3368
6532
2459
6172
4429
6077
2780
9780
2709
7280
9106
8274
5353
7953
5511
9585
2287
5950
2371
5388
9941
2536
7575
8161
2408
4242
5593
6595
5887
7065
8827
8983
8236
1040
9956
973
6427
346
5922
6471
3244
7582
9914
3953
397
7224
2922
9460
6026
456
2449
3362
2567
1970
7451
7336
1636
6090
7334
3077
6484
3701
5322
5781
8119
4897
7035
771
923
6236
8723
393
4318
5585
4837
4931
1080
5571
9123
4823
9233
6613
2266
8968
9752
7132
2031
8010
5768
3863
2397
9077
9616
9702
3394
6225
4230
6622
1793
2957
6064
9853
6992
8326
7082
1175
6272
6661
2695
7770
275
7854
5921
2109
1781
9445
9154
2568
9475
7423
491
9974
161
4349
9073
5822
9566
5727
9111
7431
2972
6347
5672
8043
1132
2977
8899
5713
1655
706
8120
3672
9711
5403
5471
4422
6715
1281
3278
864
9380
5130
3817
1956
3685
1486
9119
4183
3137
1761
4505
3778
6095
3597
1503
927
9658
4756
1742
3761
441
4468
2566
3771
6830
6310
4421
915
6254
2797
8149
8587
1290
9730
7520
6775
1216
9197
9886
6033
56
2765
3655
1042
1792
6500
7166
3380
5188
189
6229
5811
8469
2173
6081
5021
6085
9567
1957
6480
5552
719
1530
521
4238
9556
7728
9957
8971
6645
1449
4851
979
9412
9324
2797
3250
1013
5084
1573
2315
3727
2066
3516
3868
114
178
7269
6742
3882
6568
1846
2572
809
6364
9904
8176
2249
1727
2378
7034
9772
4821
5330
7945
923
1440
4419
3890
57
481
580
5406
3658
4278
3460
3544
3153
3307
7873
6496
4918
6178
6687
7790
8127
882
4450
3410
5753
939
3830
2411
4620
9820
4263
6220
3392
1710
2786
7112
5836
2772
5211
5115
1209
6541
5010
9086
6615
8025
8926
3290
1310
1359
7093
4627
7373
4968
1473
820
2173
7007
1310
1684
3807
1455
1984
1711
2850
573
7900
966
2592
7721
7133
5984
7987
8058
6978
6697
2762
1151
2748
9517
7661
6008
7607
739
2052
2968
8152
5982
758
6571
6699
1990
5210
675
4513
8586
7162
427
4713
9703
5116
2701
3778
2850
2892
7157
4526
8960
5518
3027
8152
9600
3630
1961
2881
111
2355
130
3380
1606
2864
290
1591
2564
8737
6147
1185
8761
7480
571
2230
4007
2050
9244
3305
5983
7684
1872
2213
9382
4383
8825
6386
5317
1328
5403
1430
795
7690
9779
8393
9487
2513
8988
4250
2148
898
2206
4077
2006
2990
3640
3573
7621
4308
2877
440
4220
6096
2821
3618
4896
8955
3790
1425
8886
7952
1864
8053
5324
6686
7632
3375
3168
7191
9885
7473
52
6455
1482
6213
4662
3405
79
1183
6477
7023
7486
9277
7347
8256
2909
4910
8855
387
9235
9516
9352
4082
59
4176
1416
1396
9825
3736
3260
88
3501
4729
4735
7718
7956
2236
568
1350
1555
5270
1166
2389
5691
2062
3764
6924
4837
1774
5213
1833
3407
9225
9776
4937
5252
6081
7812
6707
8398
9744
3557
3289
2522
9886
7854
8817
4145
8074
1485
36
9017
1090
8890
6279
1129
2316
1607
1268
9843
7353
7312
2734
9999
6160
3995
3138
2990
858
7614
4209
3181
6469
2678
2666
2997
2706
7316
6428
6600
967
3960
6601
2245
3359
2511
934
1541
5144
8415
9946
9667
6096
2438
9105
221
5134
1289
8505
6574
5044
127
5830
8182
6249
6159
8118
6645
7716
6427
8850
1726
2856
2964
5400
8050
8538
3358
9037
7094
6019
6347
9918
7850
9422
6183
866
4205
9705
2512
4792
4902
5065
4218
7065
2622
775
1999
2140
8644
414
1353
7269
5207
9972
8687
785
5941
2270
5448
3936
2414
9882
1114
5970
7988
3892
8710
2964
272
4820
1936
8815
9019
5123
114
893
6819
5610
4115
3651
5227
3339
8789
3738
3516
8587
6642
3757
5321
7712
356
8814
9462
9005
1119
1308
5581
6102
5096
1204
7152
7081
6591
6951
5109
1197
3093
1409
6155
2630
1582
8776
9319
1144
2047
993
91
5770
8820
3121
8236
5367
2566
845
1270
1796
7568
3433
7948
2948
8849
8019
7782
7210
6387
8560
3697
3156
6007
6087
7825
8189
7023
2692
2436
5546
5448
5097
528
5934
7326
2267
4014
1764
7388
7482
427
9124
6651
6118
5108
8575
3844
568
441
8868
2286
2901
1799
3284
8387
8917
1618
4052
8635
36
4994
4292
8923
5375
7711
7321
3975
4263
2886
2280
514
3856
9637
8108
730
1938
7787
2907
6635
706
5620
6118
3917
8471
1356
7972
3100
3627
543
7629
934
7346
2741
3976
8490
7592
387
9696
154
9069
5669
9269
2940
9903
3615
9316
4618
6672
391
7419
9640
788
4779
6452
4906
2755
6296
1579
9638
9750
8384
4413
6131
2464
8588
121
7038
7625
1682
9692
2818
6828
8563
3434
5218
3488
9555
7780
707
5259
2975
2534
5151
6384
4567
9249
1172
6671
6463
9974
6986
6928
8462
2903
2041
1382
3448
9662
5378
2820
5160
9738
2377
9082
9019
2456
6685
3818
7426
2626
9814
9836
3007
5379
6683
9263
8354
437
6824
8796
5056
1786
2928
3550
2198
9914
9451
7010
8527
6154
489
2966
6147
28
3639
4731
5479
8738
8432
9355
7950
429
2174
5828
8031
8866
2144
2189
8488
2374
7667
5904
2460
1714
9312
297
6511
6591
9285
9006
869
1957
2799
4193
8943
8966
850
4931
3868
3874
1891
6720
4353
5405
9646
6409
2523
7599
3582
8732
6869
3325
587
4911
4208
9837
9533
432
4474
6485
6552
8312
3211
9679
2738
2407
7589
8908
9262
8673
6297
2297
9437
5230
3974
5146
4968
2376
7910
9572
605
2011
8201
577
3197
3827
7304
5682
6072
8587
4543
1817
480
7935
1300
6882
4902
1135
5733
4707
8103
6247
3758
974
4877
4929
3009
5379
6375
1730
7342
7031
3704
9482
6104
1136
7921
9823
8238
1754
5273
6951
9638
7317
4646
7782
2093
2545
6515
5775
8883
900
5250
2760
649
201
1810
2811
3934
1633
4235
3495
2817
9296
132
5934
2753
4666
5377
8639
8328
7257
8563
8311
2317
1364
1463
2082
1258
9419
6177
4511
3566
4510
9090
5984
132
3461
2124
7344
5312
8386
7762
4720
6468
310
3655
2876
9076
9913
438
8952
863
3919
3895
6571
705
5512
5482
9343
3138
2525
5012
7686
4085
4642
8082
4755
6537
5946
1340
4379
9383
7022
4393
5013
6580
7611
161
2808
1677
3594
5405
3049
7793
6083
3351
6039
8237
807
7984
6643
7791
8151
45
7128
955
9634
36
2734
6767
8933
6986
479
9180
1569
8403
1003
9571
6296
5586
212
169
1580
5044
245
3954
5539
8729
4354
3324
7774
1731
4593
2227
5551
2545
4243
8279
6867
3319
9092
9641
3125
6062
9491
3271
2286
1375
1645
8858
8515
6167
8645
703
1167
9515
180
2526
4338
5551
3321
9411
4471
6807
8466
5866
1498
7286
727
8081
85
8447
4628
8196
3137
8984
3244
5862
4994
7734
6734
6367
3389
9868
642
2017
9556
4709
9810
2332
3792
3753
327
4440
4333
3290
4558
4978
4864
278
2584
1876
2142
1303
6338
9219
3876
2751
3378
7765
9599
7218
6755
5486
6927
1234
8245
2219
2552
1993
650
3618
2966
8549
8254
7753
2242
3297
9734
1284
7968
6306
8080
3716
4664
1630
1621
4186
4715
1123
2848
9980
4699
5538
5181
3573
4397
795
845
923
3444
7919
7699
165
7321
2208
4675
3419
7051
7614
2846
1783
297
2093
584
1998
4495
5101
9003
7851
2738
4953
2093
3797
924
3799
1180
2038
6765
8690
2922
1676
9992
2790
3131
4429
5475
3408
5556
8301
3429
74
7059
7762
8065
4205
1927
4742
5279
1232
9043
5623
245
2508
6291
2499
6361
9004
2463
9208
6067
3938
1031
6203
7160
6595
9000
8178
3725
7580
6947
1492
2633
5858
6276
5265
1623
7859
1240
9989
336
5677
3466
2234
6569
1645
9086
3778
1472
5427
9478
1264
3714
498
2825
3091
5222
9880
3364
9547
7165
1490
9564
3093
471
6962
7260
8264
5649
2699
9497
3245
114
3425
2651
1809
4903
4925
7306
1665
8529
3428
9398
8948
5572
7506
6376
540
734
8459
7819
7225
6998
4314
5846
2455
542
4556
5409
9601
9509
1952
3086
3575
6553
1450
7381
2900
7555
4236
9808
1457
5072
6332
6208
580
5326
6794
6546
6520
4820
8356
2703
1949
777
4649
7819
6
3798
7390
6733
6392
8637
8322
9275
6512
9685
205
3475
4979
8850
7484
5576
1679
1228
550
9101
6446
276
9634
4132
7367
2544
9876
7345
1946
6172
9722
6159
7086
5221
8457
3128
1385
42
2412
5934
4629
8004
8885
3231
1756
2333
676
2806
652
910
3632
5723
7829
6247
8810
867
8775
4449
4173
9101
2637
795
2276
3488
9214
4177
8159
9027
1738
9047
1514
676
1590
114
5584
8820
4934
4509
4041
8272
3618
3841
7665
9810
3692
7671
443
7841
7875
4235
3069
9459
5204
5606
1345
7518
9761
7350
7444
8017
7172
9245
9273
611
3694
4737
8771
166
7661
8279
7455
3397
5123
5015
2790
1358
425
3822
9393
8000
8667
4063
8832
82
7025
4576
4279
4305
2033
3744
9950
9837
3789
8043
474
9798
2637
7501
1071
2529
6325
7956
4193
9987
4057
3314
5595
9426
9883
6483
1709
871
6507
2400
6909
6526
1135
5015
8010
9123
9520
2740
6344
6555
2163
2357
3620
7829
9850
3307
4629
9099
299
7919
2980
8353
1841
9535
782
4256
4145
5163
1348
7303
4437
3737
7744
1749
4284
2008
2570
9117
2289
2580
8082
2325
5393
8848
3192
1031
5894
7310
6130
2195
2732
8009
4263
89
495
9101
5020
7218
4462
4395
3702
8905
6031
8531
3208
3210
6486
8728
6094
906
6269
9844
8905
5245
247
6568
8481
9220
346
7940
9438
8080
6054
2806
3337
5086
4003
1015
6070
3449
2082
386
5554
7030
3031
3722
1093
4455
7807
7557
3078
7079
7739
9795
9384
1395
8664
6955
6619
284
361
9231
1742
441
4991
3220
4489
1749
575
2312
791
1518
6079
4581
3259
4988
2642
336
8311
6435
9980
4970
8907
5774
9189
5338
3968
8103
1985
981
2028
2006
4122
2951
5333
6345
9140
1409
5351
3803
3615
4701
3381
8954
7502
2515
9851
6869
6385
6226
4317
6953
5596
7635
1039
677
8356
2362
1460
8037
5862
9552
6921
4903
1944
5349
5677
2239
2795
6034
2146
2694
7455
4716
4278
2603
2221
5699
6192
3692
9491
933
7787
6742
4743
857
5839
5831
9864
3099
6655
7368
2857
6600
9039
5731
5466
7368
7124
6096
4292
4129
4701
9337
2059
7654
7169
7973
632
5385
6546
3571
9077
9109
5675
6906
5487
6619
8709
6951
1997
4039
81
6964
7865
3207
813
6801
1574
1373
4998
3355
4724
2722
3458
208
3699
3992
5581
3885
9307
6037
1909
8567
7159
9814
7489
1112
5492
2108
1585
238
1145
8453
8489
2258
6600
5972
3241
8833
8211
4355
1636
7871
2196
325
4226
6996
1747
9929
641
2235
3152
5181
4093
9121
7455
4678
2450
3448
3001
7123
2870
4075
8066
6896
2980
6128
2316
3811
346
4574
5841
4268
6622
3919
3168
6673
9439
5516
8813
9780
916
4543
6503
8829
5658
6753
6781
7912
4421
6895
6775
4957
1618
9742
9295
9247
9755
9512
4302
1764
3855
9499
2742
3516
4321
1146
4546
6785
7025
2330
8326
8302
8109
1851
9208
6049
8768
7708
7491
2300
5639
6342
5446
4120
6373
9298
4510
128
8318
9384
1515
3780
8242
2367
5864
3086
346
9794
636
1860
6701
8919
771
2460
5820
8205
1751
4051
3079
7654
3805
8904
1572
6277
4102
3339
746
7123
3974
9163
5474
5176
7356
3277
989
6035
9341
8359
2004
5615
6187
3880
9038
2945
1436
8432
2702
566
5764
7391
4622
1975
4773
3938
9530
2176
4776
2908
324
1665
1003
6332
4059
7134
2080
2568
4378
409
5485
7918
8185
2764
3011
9056
9511
1254
8646
7017
2146
9343
1080
376
1588
9292
1226
5030
2140
4444
2748
1338
9193
240
3544
3849
7954
2532
8476
1033
203
7002
4258
8482
8754
6870
7966
4633
8736
1069
8810
6900
1182
7984
532
6763
8927
1413
2370
6305
1781
1894
8299
4750
7394
9965
7810
7412
7426
1257
8690
9337
5256
7767
675
806
8234
508
7362
5576
4073
5563
6599
3807
5867
3100
4745
2615
447
7815
1124
8463
6942
7737
7928
9767
7019
122
8430
1412
491
5128
6728
225
7257
2876
9912
9427
1731
2919
5464
7699
9165
5955
1371
1313
5871
9862
3231
4721
5962
3937
6878
7095
1553
2844
2830
8137
1964
6735
7415
4037
2182
6575
120
4700
5627
9068
7734
99
3122
176
1092
2949
401
9093
7021
5023
3665
677
4633
4991
5110
8920
6717
7131
7460
8860
2498
7343
7888
3482
3979
3764
123
2352
6160
1245
3154
6067
6286
7796
3977
9363
6033
1948
8849
9739
711
12
9553
4461
7362
2297
5141
2447
785
3539
5090
799
7257
6247
8555
3354
6213
3558
5161
9076
1314
5303
9468
9127
9695
2383
3618
6478
8958
1856
4945
7337
8292
4273
7389
6688
296
4028
7818
5397
6490
9712
7497
3226
6747
5146
7674
3946
2284
7502
6107
3767
9521
3591
1703
7982
8205
8880
8333
9853
4840
1790
4807
6488
1711
2483
2317
6562
4379
9105
5917
1400
7479
99
6582
793
9908
308
5045
2698
5627
5331
3165
2553
9277
9602
6449
3970
1302
2169
8708
8405
6133
9549
4096
90
4224
2012
530
8181
5981
4219
226
6205
3894
1850
7712
5845
8373
3423
2123
8597
8987
5444
4088
4303
4433
5540
6324
240
130
6208
9863
2727
6889
22
2410
511
5045
3625
2691
3671
6449
760
8082
4843
7784
1649
3435
340
7651
9720
9407
6211
1146
3583
2705
8819
5502
2447
1750
141
1487
771
7319
7306
3135
9830
7915
5844
2463
5805
5729
8995
7446
7317
8674
9560
7538
3101
1562
8551
9769
6273
5901
5432
5255
1744
9356
5555
7945
1898
2237
7271
7238
4525
824
1196
3400
7145
4542
2872
1549
5229
8397
3623
3190
4248
8822
7816
3149
765
4824
9187
226
5871
1197
4062
680
9488
5011
3124
8123
9967
8134
9175
3162
6644
9005
4101
1377
4999
4765
6841
7739
9975
7793
5219
9442
6417
5143
950
5873
6989
2498
7490
8041
4651
9778
7750
8049
9109
1212
6639
3446
2201
3365
6071
9517
5517
5302
112
3891
523
145
1545
7609
4588
5199
1464
6654
7957
1693
1080
6651
984
1430
4653
1343
8497
4343
5710
5030
3831
3625
1741
4409
5643
6978
3873
2463
4011
3257
1841
9469
5156
1018
8375
975
288
2496
2909
7610
6493
319
7055
70
4843
2909
9273
208
3371
2685
245
2354
6528
1655
3280
8195
2065
2714
9560
3215
1533
8342
1732
6240
2572
1266
5961
9220
3328
5177
1627
3206
9293
312
8054
4812
9644
6809
6485
5496
322
4590
9981
3151
656
2388
4126
9317
3769
4030
7646
3186
6125
2976
6478
4315
71
5437
8265
2441
4982
7718
138
9223
5757
610
4982
6566
6419
4582
1008
8887
9708
399
3203
7186
6651
8349
3372
9151
2793
9508
5536
9834
2345
7192
1024
9333
6737
8390
2833
6663
8417
137
9370
5225
7061
9990
691
644
4774
9700
8789
686
7492
7057
5527
2126
9218
3919
6944
2117
9472
6021
43
9413
9904
3000
9205
8512
7481
2925
1261
1722
6181
6361
4043
8480
6870
5102
4801
4154
1013
9833
7219
1755
1927
5792
6200
8584
8516
1309
1150
5302
2744
9532
5980
8901
1105
3528
5024
2866
7625
7544
477
3727
6992
2546
3759
1945
743
7053
5871
5713
4007
1147
8401
9258
5130
8154
8618
4823
8826
7127
9499
7584
613
450
7935
300
1216
9943
2562
8053
2011
712
719
9937
9465
619
3689
1379
4950
740
9824
9404
7846
4243
6081
8815
9274
7760
8217
8718
8624
6946
1546
113
6343
9887
3706
8421
2657
11
1290
9312
5629
3980
5242
3470
608
9567
3621
1973
9521
7619
6794
1735
6939
8368
2317
4650
7839
6034
9240
6364
5117
407
8448
8924
3766
55
4015
2336
5775
3539
1896
2412
7036
9637
5518
1018
6319
9663
4008
335
2412
2659
8097
9123
4603
3234
6849
8222
2830
8270
430
1633
5883
9396
7220
5634
5270
4055
1144
5046
3712
6344
3370
9097
547
8186
2135
3040
459
4608
1783
8136
1262
2066
9416
4821
1791
7160
9506
3546
9037
2607
3162
6762
3289
7401
503
7955
6996
1926
4020
5706
2112
9448
8602
5338
2595
2647
4802
8815
9652
2144
1527
5015
275
8560
7416
6003
4555
8709
4047
4608
7651
5442
9171
2004
5406
3871
5316
4561
8360
781
2152
8052
2283
3694
6967
7985
4155
9311
5288
830
8851
4719
6162
1808
8415
7748
6221
3236
3934
9951
6998
3403
5928
2511
6171
5622
5310
8082
7232
6775
9457
7172
6920
3948
4877
8337
4222
5746
7631
2617
3211
49
3488
9254
6387
8426
4298
9269
9986
3928
5437
448
7015
7971
4239
5756
1324
3597
9343
328
8261
7828
7728
4210
69
2140
8517
59
8432
6320
3588
4733
3569
7597
7387
8470
6662
1455
7143
3203
6446
7556
5939
9679
9933
4254
8905
678
8664
8628
4658
4951
5675
485
1691
5829
4485
8548
9188
8879
5567
1731
161
9444
3025
9780
715
224
357
1729
5263
3441
5949
4813
7192
2209
1189
5144
2585
8609
3080
5316
6302
5630
8258
1998
9121
4113
4048
2746
6682
9731
274
4068
9223
1040
7970
284
8104
464
8902
771
4362
6470
213
2765
1889
8102
7845
5363
7180
5700
9396
867
3753
6553
7888
2879
3507
2633
6329
6081
4313
4218
9433
5230
1784
2770
5391
9408
6256
806
1046
933
703
2769
8355
9985
3556
9020
3078
3244
4808
2957
7745
8912
8978
5029
9945
7892
1956
6963
9
8701
4054
2762
855
1377
9207
6734
1650
7097
5177
7467
1249
5384
4779
5444
7986
7594
9850
1113
9545
5790
4471
5824
2718
2138
4590
4144
4488
8701
2501
6973
448
8940
6478
992
6930
2919
8570
6148
8243
1179
2410
6488
6239
6458
1812
308
8946
3077
2568
6531
6291
7024
6509
3732
7910
6477
3870
6036
6600
5231
9549
3022
2886
853
2892
2622
6653
9530
8405
4057
9382
3562
3086
4992
5630
5631
4665
1030
6174
269
7102
4746
1390
4391
1722
2559
9148
4505
7836
6377
6960
3116
327
6655
2945
2861
9953
6754
6287
7461
795
6740
5999
7827
4355
589
2156
1879
8171
6317
4425
6434
6731
3691
9280
1005
2737
4958
2614
2981
4173
5447
5404
6522
5321
5348
8545
9022
438
5675
7422
3857
801
7221
8243
2141
1141
2356
4858
4317
3408
2710
7966
5682
9510
4968
7008
6974
6369
9597
2341
3686
1918
8474
1938
1702
859
8433
1095
2997
5976
9973
9990
1642
2518
2727
22
733
1140
3375
7382
6721
6047
3264
7855
7572
3685
8728
2181
9293
6375
8254
1397
7485
2471
2338
3500
6113
7966
52
2387
9418
8347
9134
3676
6051
5098
4850
1743
5302
3076
4680
6168
619
4204
1265
1225
8365
1878
6158
1238
3896
4
8766
1962
4561
581
2892
3432
2471
5923
8573
8621
2122
4825
4293
2017
4471
7891
3694
6187
7378
867
492
9679
1630
2038
5674
8332
3431
7429
9228
6546
5233
1175
8317
2365
3069
8171
5831
4442
4382
4915
3219
8680
8336
3539
1985
1214
5337
9620
2113
1811
3319
2494
7013
6364
1653
7584
3589
1163
6551
3674
9143
9732
472
9304
1256
6140
4627
2094
8831
7770
3440
5163
1985
2906
4350
3066
8103
9561
9981
3837
7619
1660
3920
474
1317
8420
9895
451
9252
6001
1839
8265
1540
8436
5520
1733
801
9368
6748
8849
1658
9679
8646
8619
7871
494
169
8278
9399
4724
5809
1976
7078
8734
2730
9825
7507
5102
4699
2665
8659
7965
4708
7038
5496
8059
6583
4289
5672
7506
9213
7940
9916
8670
917
5561
6064
8048
1813
6810
8449
7571
6039
9940
3273
5111
9792
5356
4792
3104
6656
7270
6524
2943
3998
2528
6917
4271
9564
8051
2598
4230
5704
3640
9462
932
2135
439
1467
4890
5530
6986
8345
7224
5494
4674
8585
9884
7101
3909
9594
6241
9107
9923
6320
6710
5411
4105
6884
9049
4894
7845
7414
6345
9690
6601
4293
1672
4568
4221
87
2520
5567
4624
5664
2158
7135
4037
7548
293
8616
4660
8934
8071
5596
7157
2746
7301
3112
6100
8142
3411
1177
3945
8958
5719
5881
3876
2602
2433
171
3798
241
4737
2519
317
2981
2944
8544
3873
9615
3582
1054
2943
8603
7227
7163
2912
1073
3489
6341
3138
6796
648
8694
6943
9071
1613
381
9405
2921
4793
5550
5701
257
3345
6097
1702
9208
7084
5499
8809
7824
4804
2082
3252
752
5817
8221
5966
7155
4523
9414
2677
2479
7195
6883
514
5584
2173
7060
9765
9620
5887
4305
9108
2477
9097
8039
8980
7422
7141
4694
2812
3880
1401
1553
7523
9773
142
1828
3584
4626
1427
4585
4394
5999
1050
2067
5940
42
8023
700
2676
6194
724
6590
7723
3453
2942
9431
810
9986
303
2292
1273
7389
372
5492
2771
5948
5956
1592
9133
6106
388
3368
3802
2394
1576
5203
2702
8835
3903
9489
9298
8800
4286
624
1742
1398
2335
7682
7073
6737
3679
7574
7778
25
2451
6371
6962
2408
1712
9253
2653
8525
1098
3969
4317
4696
899
3063
1389
9356
9611
7612
7387
3838
9570
3960
3850
8703
9884
1379
8077
7459
288
3877
6782
739
1191
6930
6745
9916
4822
8913
1518
5252
4624
8879
5521
4083
1296
318
9773
6908
5775
8658
8664
8909
3899
572
7550
2148
6067
5024
1755
5948
916
1232
1197
9190
9334
6198
7481
2076
2562
5558
6491
9903
3096
9055
2530
5636
7000
2351
1374
7378
8154
8082
6947
6860
6789
9515
5572
2256
4421
7744
849
9742
240
3435
536
9610
1907
41
5731
6177
1004
7194
5306
6706
5837
4379
6829
5226
8467
333
3289
319
508
8487
5742
7899
7979
9304
8524
6824
5226
6777
4080
9197
5911
5231
6384
7324
1206
5437
8138
7115
7936
4302
8037
6847
3457
6523
1805
2110
4235
9417
203
4895
9990
5408
3484
3012
1646
2856
1852
6026
6410
45
228
5670
3371
3655
6045
8090
2971
6945
6264
6249
2139
6961
1068
6307
9168
4678
7466
3707
6771
1436
1990
4974
6590
1326
1763
5306
3411
4637
4822
7451
5101
9194
5513
7978
6152
3472
705
5641
935
4158
4487
431
4373
590
8323
4770
6020
2716
5402
8675
9281
7106
1379
1218
6498
6892
9300
9187
1350
7594
1749
8014
3207
7540
111
2747
3967
329
2198
8899
6190
1631
2912
4098
2213
8947
6915
4543
8224
7787
9167
7154
7827
3169
3368
1292
3976
4100
5658
8696
1728
3599
2105
7007
370
4626
6306
2598
4885
5883
7469
2771
8386
6320
6860
6712
9135
8371
4300
4745
9083
4210
5696
9465
781
4888
2379
9316
2221
6471
1028
6531
3082
9304
1144
6213
6808
797
4165
3532
2559
8891
3871
7356
7819
861
6392
5531
1104
8577
8655
6803
5766
9301
3484
6738
1381
4164
1407
1115
8570
7798
388
728
5240
5681
2142
4298
3612
7593
9574
3045
4715
2642
9520
8112
3104
2868
6947
2413
5923
9293
9447
3078
8823
6766
1420
4195
7650
4255
8490
2818
4257
1935
1906
7927
9840
6771
7439
5680
10
5035
938
8767
2353
1237
4493
6379
2778
7440
6195
2798
8143
6816
332
8990
7940
5317
8554
8561
6586
4812
2537
6837
3766
8517
1078
2007
6906
6459
6762
7659
2952
5347
3344
5774
1257
6183
3002
9117
5649
1578
9780
4716
3282
747
5682
5293
5430
2466
4846
2325
366
405
5429
8102
5810
785
7866
9318
3715
8234
6871
6878
1527
4969
360
1961
505
5303
2647
7590
6991
1746
1482
178
7883
7371
1194
7209
7431
3084
1506
6799
5212
5319
3663
2233
8129
4339
9531
2024
8142
8577
8677
7687
4040
5478
3946
1185
1954
5613
3187
6968
7586
2497
2846
3911
1784
4744
4120
7564
4083
1741
6439
403
5596
4846
5317
473
109
9066
8116
5458
4647
2302
9595
9973
9005
2844
5595
7100
4309
2357
4705
5021
2089
1873
9209
1950
116
2274
9580
1194
9080
19
7605
9225
6669
6794
4612
986
8610
6760
5978
7976
5363
8758
5922
977
3422
5958
500
1039
9145
1112
5460
9824
1747
8239
8488
8512
2254
3989
281
9752
5377
2408
1638
5727
918
102
9242
2654
7297
9519
5820
9751
2323
5967
1163
7413
6309
4898
1436
1831
6080
128
1413
2662
9359
9985
623
8068
9225
2783
3920
5729
9333
7520
3199
1336
7955
4284
6941
673
8453
1257
1951
8793
3868
9412
7966
6127
7544
1113
8185
2896
2384
3691
5453
7232
1938
454
2085
2442
3447
9732
3154
4953
8050
6866
67
1423
4206
960
8072
3823
8627
3526
2058
9050
2358
759
2213
507
821
4784
510
5734
201
1797
6604
1824
5695
2955
3253
4282
1888
3410
1930
1260
6863
7523
3081
7797
8329
5104
4951
1042
5753
6784
3948
4909
2173
349
7732
6518
8069
7254
2593
6545
1974
8055
3446
3293
3763
1473
5622
8583
6232
8828
1175
2375
9827
9699
757
5672
5076
5199
7413
2101
1645
503
1028
9785
1325
8164
794
2275
5510
2991
9065
4880
7172
6485
8971
353
8115
9585
5875
9714
6573
5197
1342
6730
9626
9503
7326
572
6391
5436
9626
5988
8843
3512
4800
8833
1505
5321
8298
4881
4947
9414
8729
2181
1980
8789
9341
44
6746
8035
5686
7100
5302
9973
4269
1085
5112
4729
7846
5681
1611
9338
606
2718
5002
1902
2145
3008
4520
9721
7230
1410
7829
1747
1719
6070
5458
8329
1053
2714
4567
8346
673
373
9600
5896
9108
6916
8383
9518
1877
8280
6124
643
8827
7387
9628
2798
636
9083
4385
8216
469
8601
3779
2567
3220
7551
6451
8875
789
1417
2584
5188
929
6945
6694
3663
839
169
3183
7947
5729
5078
8220
6251
2648
6143
9882
6471
1731
3497
6345
8858
7429
1085
1543
3273
8032
5267
3157
7347
4388
7006
6179
1907
7303
2072
5172
1959
1797
1650
1983
2513
8628
694
4032
4644
2064
8931
8957
5457
1593
1078
5887
2508
4020
455
5836
2226
7908
7707
3989
8764
220
4551
6779
4338
5385
5982
3694
7073
148
2782
28
384
1791
6456
4996
2641
6816
5479
7287
1290
2865
8855
9250
3851
8383
6293
4901
237
8851
363
8444
6765
8704
2336
7852
7380
4847
4331
6100
3572
422
4436
5887
1036
5089
9814
4663
3227
7433
248
5183
8953
9068
7084
4553
3741
8010
1757
32
2896
8959
6567
1282
6060
6207
8238
2162
3883
6974
509
4257
5374
8006
4431
2333
1364
6766
2129
2765
3372
74
3618
8169
8150
8798
5736
8223
3630
9394
7663
3975
9584
4605
5429
390
4685
8407
4797
4218
3020
5811
8929
4376
2648
1754
1362
6209
9326
9244
4699
4924
7409
7615
7805
6110
2546
5343
2045
1103
7940
2362
1688
2785
754
396
3627
1621
1605
7884
1165
3084
6991
9173
9055
337
42
6105
8481
5308
167
3392
4363
3234
352
3108
3534
8679
1042
6131
1753
8686
5488
741
4535
1664
7105
4218
4713
6924
5809
8885
8642
5656
11
1361
8362
3221
4727
2734
1051
6470
3675
9734
1121
7471
9471
2884
6063
1963
2636
648
6538
4978
9890
3471
7483
2332
7027
4577
6838
8901
3313
7642
2784
6872
2321
9747
475
1220
5871
6627
9326
777
2048
8859
4915
589
6858
6036
7763
5935
8676
3387
1906
6868
8337
150
3377
6236
3706
8159
3743
7362
7323
1909
1997
1949
5191
8363
6502
7782
7193
6563
9791
5955
2309
1443
5620
2554
3384
6433
9935
1888
2842
7003
4577
8900
3553
7914
3586
3750
4908
9574
450
6101
3307
6760
1353
9684
6707
1589
5253
5099
4959
3924
3998
2073
7192
2543
2478
2291
5789
2271
8907
9906
8381
4513
3011
2970
7000
4535
5142
3091
7083
9446
8771
5214
1674
6298
1381
533
5026
395
2837
2856
2124
4187
7620
316
3107
4536
9315
7839
1137
6231
6723
3323
3734
9739
8637
3864
6786
8092
5790
6397
1884
6993
8515
9495
9080
262
4841
9492
1970
6230
6283
998
719
3778
9999
2385
653
1970
2464
9832
1122
598
897
6998
3849
2925
4776
463
9718
3280
5468
5145
1061
8460
7440
7807
1154
3781
5539
5741
2410
370
3213
7336
5139
2687
8619
8721
4594
1044
5658
5083
2089
9158
5423
7322
8875
4921
5529
2493
1744
9053
500
7724
4103
2875
4394
6261
9418
3953
5960
3590
2203
8965
7160
3145
1674
7353
1369
8829
7570
5770
6198
8988
9945
484
7191
5694
7747
9028
3358
8835
4978
4410
4486
7559
3312
7309
4953
5723
5852
9299
8176
8218
3206
9913
7471
8575
5104
8057
9196
3346
3920
2304
8937
2584
6633
440
4597
7098
8684
3754
1250
1851
1227
4706
8185
3513
6783
1598
9190
995
2406
9406
1642
3308
4882
4076
7477
6109
2993
1228
6130
4490
1799
8573
9050
9939
5692
7843
2764
5238
7001
8658
4108
7418
3813
5551
2699
509
5123
9954
6514
2519
9857
2394
258
971
9914
2020
9022
4620
8214
6300
3027
7428
3298
6897
8521
2646
3171
7213
1702
3197
231
6693
4336
6963
6241
9705
7999
8067
7732
7608
6764
8081
5748
6594
8738
1019
2764
6088
7053
881
799
3335
4147
8727
5561
9810
2409
2359
5217
9549
6351
9400
9229
7584
1565
4622
5990
6720
5423
8129
4757
7912
1570
1630
8920
9483
3949
9130
196
3507
8471
8105
8345
9688
4511
9799
1366
7975
3728
6569
6679
9845
2725
9887
2623
5196
5161
6011
3976
711
2498
2409
6515
3078
2284
6074
761
448
7801
5773
2644
1899
4852
4797
784
4555
2547
9909
2179
4947
680
132
2287
3496
7571
8083
6209
1395
4176
7400
5493
5587
9624
274
8734
9838
5500
9315
8660
551
5969
7763
3449
5958
1660
2813
6771
769
5083
9430
5041
6720
2333
7456
6234
9229
3150
2380
5967
5553
7902
2821
8878
843
6798
4736
4749
3069
7183
199
2276
6086
7525
6737
7297
1869
9825
1902
3275
8690
5576
1901
8184
4207
6880
8887
2247
774
8505
9982
6752
7646
8894
3575
4593
3540
2438
6513
6889
8947
9516
7358
6088
5067
1334
475
8544
1779
78
1708
3225
9435
62
809
1067
822
2924
4235
1917
7630
9339
3743
5715
633
3938
7531
8984
2226
9471
4623
5041
8080
9479
8835
3648
8535
4614
9134
4362
3473
1944
1281
7949
3556
21
2925
9892
8224
7208
799
8809
9083
1680
1783
53
6078
7734
6785
9768
944
4078
2612
5481
679
2381
348
5772
2654
6457
3882
5956
3518
2638
6722
8413
5335
6238
3385
7439
7433
5994
9290
2741
4591
4823
8865
7405
4137
4955
748
73
9005
9154
4450
5927
5399
6801
3274
364
1824
5863
6482
7448
2290
8090
1719
4492
9176
6137
5650
9635
4319
9517
4287
438
8994
115
3680
4749
476
3724
1378
7902
5634
3148
9093
1398
8143
5592
1136
8054
8746
5095
8842
5303
7512
8985
2558
9569
2347
9117
1162
3541
4185
2762
43
1970
9401
3645
4736
6915
3756
7284
8137
2605
3255
7300
6324
4166
8470
7006
4208
3661
6239
8906
2914
6211
5629
6263
7462
2079
9947
6143
7575
1984
9185
2366
1976
6663
8070
4984
9346
7874
7609
618
1008
3683
7376
8692
5553
6753
6760
4105
3886
8553
2224
6924
8271
1451
9618
2188
5068
7346
2005
7986
32
1912
7391
9734
5166
9085
330
4897
681
2556
1067
8347
7504
5285
1594
8592
6167
8818
7426
2035
4130
7762
5493
9636
8196
4271
3407
1759
3626
6133
9777
4264
2146
5122
8933
6967
6446
3356
4721
5464
3067
124
4556
5242
6589
3045
2124
5144
9538
6066
2968
4780
2085
9067
8002
2760
5635
8905
3127
8487
1377
9620
1225
7230
5385
7173
7419
3857
9385
5964
1559
9237
1795
3962
1786
7634
4816
675
7379
1961
8558
499
9642
6477
6039
8390
411
4250
4992
2411
2174
2634
7776
310
2899
3095
9720
9907
652
9325
5843
1807
2907
7938
5499
989
1152
1872
3747
4832
4703
7068
7869
9314
9042
7068
7505
2374
6239
253
5748
9035
1789
6298
2967
4151
9712
9475
7714
7121
8695
5388
3043
6421
8014
6968
1788
1315
4535
2374
9353
2910
302
9473
599
1494
2655
5165
328
9995
4937
9347
5896
8113
4149
1551
539
4962
2026
4417
7610
872
3923
7883
1634
5442
8063
3094
7705
7013
6707
8081
8471
299
6881
1913
8243
2414
3909
2909
3579
7164
5889
7496
4668
2952
2605
5471
4553
4390
7706
9184
4960
4667
6914
7445
3864
9011
4122
367
5738
9845
9370
9821
3751
1248
1484
3977
2666
3448
7990
1
3346
9785
4329
4235
330
1986
6567
6163
7221
9018
6927
8609
7107
7246
5499
5567
1816
5641
6146
76
709
4533
2330
4135
2024
7419
4649
4114
1838
4590
8724
8900
6081
1605
3088
6098
698
2689
2267
8407
4997
6080
5786
9619
5038
9208
4831
5971
5723
2256
4797
6050
3481
9648
8339
6656
2309
3998
1877
4009
3426
4359
2597
4148
3840
4809
3098
3569
1134
181
4492
7003
2150
1604
8666
2877
8940
2878
4066
3861
2876
1997
743
5857
8861
1855
6969
3066
3109
9043
7371
2416
9986
5275
1075
9377
4636
7195
8516
5432
3886
1347
1360
2065
2153
5394
5902
4213
7507
7549
8234
2874
427
7880
5827
5042
4888
8988
9006
7442
2307
9735
8050
6767
8474
8775
8346
6751
5031
7532
4186
7441
8903
6870
8999
510
9192
6531
3569
182
303
106
2580
7752
8861
3863
6576
1583
4246
3061
2529
3570
410
7321
440
6568
8089
3651
3964
2119
7761
7736
6048
6788
2461
6844
286
8898
2044
5345
1438
582
8679
2273
4181
8609
2310
3668
4528
9599
6082
2665
2673
4357
1380
2240
3029
7162
1378
5152
5857
1995
6119
2415
7094
1852
4589
9217
1969
472
5121
4792
7934
1853
2719
3028
417
7221
7251
4309
9710
2114
809
3791
7979
6978
5920
9220
4965
9875
7358
6032
8469
535
7996
1156
6842
971
2230
1474
293
3503
7624
4897
9582
543
5018
9820
3666
9361
4260
4762
2592
4805
9889
6671
100
6422
5455
6524
6999
7471
9349
4514
3925
7808
4853
4095
218
3514
7933
3311
8122
890
8379
7241
8634
9620
8042
2706
9841
9393
1462
229
1152
3968
1220
2160
6937
3830
2581
659
8424
4071
5683
4124
2503
486
9912
1759
6432
9639
94
7157
4325
3468
1642
2845
6967
2728
3952
2489
4254
6656
5331
5202
968
241
5916
2714
1686
2391
7281
2621
7033
8630
8170
854
2556
7037
2015
5320
4945
6256
3275
9253
9366
5967
6365
1484
4692
3753
8463
8389
6981
502
3391
9378
3515
5548
4859
7323
972
3377
7751
2686
6177
7469
1291
5076
753
2327
1697
7490
4593
5714
6151
437
6508
5061
78
6607
8128
286
9072
4693
9493
5651
3339
8115
6705
4764
8462
6538
7520
9163
8088
2338
6798
1501
4712
2663
6207
9214
8805
6245
8811
5440
2014
8965
6528
3538
2180
6090
5567
8822
6214
9617
1127
5942
331
758
9304
8004
6894
9674
8288
102
8158
4914
8048
5730
9721
3120
353
7986
6689
4378
6594
4224
8147
2950
2203
1612
8044
6169
5819
1603
2867
468
1687
8762
5420
5303
2325
1971
2278
8669
5276
1917
1074
6591
6591
1602
8807
4632
3733
2424
3714
3312
5617
230
5443
2126
52
5023
3248
9701
5939
3347
5517
326
8280
6563
3873
4481
911
3371
8304
5840
6060
6832
7589
5518
9178
6761
8665
4297
5429
1424
2986
248
9276
6957
8439
3941
4352
867
5216
1025
7688
1080
1778
2105
7014
8514
3444
6352
9788
9785
9879
4540
8448
4011
2578
5000
3085
9492
1752
5561
7941
1901
1972
9097
3279
1937
6777
8398
8161
6312
2543
7725
2046
101
3145
3449
2329
8528
9731
9348
2978
5523
7876
6105
7495
4469
3999
3578
844
3817
6343
1261
306
7985
7509
4388
8083
1363
1042
1116
7672
7165
5314
7725
1211
7655
3520
2709
539
1012
8610
6890
1662
2412
3349
6868
1630
6823
4381
2152
4879
763
9292
778
6516
6631
5332
583
3301
9655
4018
9767
1953
1089
1404
6838
7792
73
8368
5124
2817
7819
2690
3687
9391
516
5606
7764
4050
7212
7284
2668
9755
2439
2267
5005
107
2698
4737
8675
4654
5280
3875
4783
2674
8260
1625
8981
11
7367
2362
843
8842
2851
4740
8683
2927
9418
1046
8642
5628
2596
2345
722
8631
2180
9443
8272
967
9894
8983
4222
5977
8537
583
3511
7367
4657
5030
540
1691
5380
6322
7322
5450
4523
9735
553
4521
8154
377
8538
7254
6734
2145
9679
4995
6954
1340
2853
242
8612
9346
8351
4524
5939
2275
7084
9114
9892
8724
1303
2479
585
5602
5476
7586
3812
3546
5814
8779
2909
8190
8044
6007
4330
6194
8415
9213
6137
9940
7562
8097
8007
9631
4780
1810
8831
9015
8230
3040
7850
6693
5556
9016
4488
6845
6249
6290
6144
8145
54
1483
6072
2514
5500
3281
6222
5052
152
8901
7898
4509
3364
5926
2403
5973
3968
398
8337
6592
5862
8884
300
3734
7552
865
6443
7957
1094
4103
7259
3473
7454
1939
2119
6434
9456
3930
4325
3973
6661
6828
7276
693
598
8075
6194
7867
871
3228
5429
9980
611
7995
7349
1471
1632
7764
7394
6465
7541
9614
4646
7984
4510
9817
9868
3118
8500
6866
8382
7062
3805
1642
9837
5915
5979
5583
4736
3446
6075
6490
9242
1977
566
7814
8823
4707
7096
4303
6525
6424
6565
9869
7043
5252
7973
3448
1831
8617
2610
7413
702
7956
9735
7202
8982
7922
7885
323
9697
1950
1426
9105
8381
8754
1820
3703
1399
33
3287
1949
9536
4151
7610
2140
4116
1956
7794
5123
9146
7577
205
9774
5268
9056
6908
7487
6884
6349
914
7123
3160
2005
2430
1704
5335
7866
10
6290
163
3269
8439
4304
343
694
882
9173
3004
994
8587
9433
2292
2135
2277
5244
118
8882
1536
289
8761
9343
1642
8418
5952
4505
5814
8465
1661
3457
2575
8235
1242
6560
665
3806
7758
3120
1640
2160
1723
178
3731
8177
6520
7257
2054
804
7275
1203
6257
6980
5740
9938
9998
4736
3321
4577
6961
3216
811
4982
3093
2398
5672
4905
4838
5484
8042
5398
6795
3053
6582
6770
824
2055
8685
7210
4816
8920
9896
5224
3090
6792
842
9750
682
15
3936
5284
1033
6119
6483
3548
9348
46
2324
369
6545
380
2599
610
4956
2772
342
3392
2392
5133
9972
7017
1767
2763
882
6683
6163
883
2300
3958
5686
8715
7951
6289
6715
6431
8930
1431
4743
5199
4349
8302
1689
1199
7003
3725
4520
2564
3282
8381
2277
9163
1690
5863
5035
2837
6556
7722
2636
434
6330
4181
6782
4233
9521
1417
5307
444
6996
338
5891
947
7884
7803
3865
5054
5001
8249
2355
3219
1488
7542
3503
9343
2587
7980
1192
9279
6017
8201
8432
5405
2538
4317
9481
1477
1706
6654
5096
6494
7751
6419
3720
1246
1709
6949
5066
569
1879
6303
2926
399
7988
6526
3992
4435
2635
6950
7920
2307
4854
7080
1661
888
3400
8045
2463
6860
9161
5978
3664
3835
1607
6819
4163
2031
398
5137
675
3250
5625
8720
9780
1492
4753
6381
8632
8699
5484
9209
452
8539
19
128
4474
3961
7143
6764
1563
2422
6669
6113
7945
1331
6602
6204
1181
4474
756
1858
9833
4090
4999
4182
6538
6396
5001
6090
8898
3121
8727
6091
6190
3811
8941
506
4256
2301
9067
9650
2033
5633
2520
1350
4401
1096
7483
1834
9591
9489
8099
1049
1297
8435
7955
759
1023
6906
3884
9134
5144
3422
6792
3190
637
7211
4967
1647
8053
7267
6735
3723
2329
5878
4610
5100
5838
6947
513
3409
3372
2490
122
6026
644
524
3947
6793
3964
987
4316
4203
1049
2096
2830
9863
8875
9134
8901
1052
2338
8191
9311
7813
6112
6856
6444
4856
7635
6586
8585
7754
1989
1621
3522
6190
7880
936
1533
7500
4621
2173
1561
8839
3597
2836
3326
9993
4030
1646
780
5447
5784
8952
2062
9651
8027
4980
8111
6719
1438
8594
6777
4030
230
2353
3523
9030
7655
2522
4444
7032
4210
3730
8331
4463
5717
4119
7840
6822
2656
4831
1282
8689
6551
8724
5099
3264
7607
1776
9678
3141
9011
2707
2760
6937
5641
8196
138
4017
7029
2714
4157
4642
4856
1566
2707
2840
3031
3751
5178
3847
4291
2122
3215
5953
5077
8857
7282
3784
9546
9468
8603
3778
8231
1688
9553
6096
4915
7992
7185
5652
6689
4242
5077
8278
2081
5473
7084
6385
920
6696
47
1453
4279
9730
1313
4081
5137
5754
5255
852
7185
4065
9172
894
6983
3086
3844
4035
1179
3828
6072
6403
1394
4137
7755
6756
1107
2821
9136
309
6087
1266
6548
3402
9795
3502
4227
3374
7621
6264
6058
7506
143
2181
5260
9903
326
1154
8020
5713
1249
2677
94
6291
6459
8552
8978
3727
8212
3360
5791
1228
8757
7899
9773
1123
873
587
2402
9313
7018
3967
9827
1173
3978
557
2430
673
6007
216
7631
8828
9948
7749
553
2770
7574
4778
9469
3097
1045
3455
9624
2212
7111
9376
9877
2273
7899
1356
5468
2266
74
1189
265
2734
1512
5078
5834
717
8397
6786
7033
1050
8973
8698
8815
3696
7223
7754
8677
4340
8839
4394
8447
4661
1440
5597
8203
1346
8390
7668
1085
9261
7885
3525
7602
973
2433
205
8343
5729
4161
3487
8359
3744
6586
5184
9172
7088
3646
9654
9514
4535
2072
8699
2733
8092
2257
9235
7971
2286
8500
7690
3116
3368
1651
7759
5470
5863
713
3061
3064
3190
1726
6223
9464
6578
2694
6872
4264
1190
3045
5324
6452
3568
1519
4046
3657
7219
3591
8195
6003
105
3879
9392
193
3110
9704
3722
6867
7103
544
2886
9921
9659
6203
2600
9494
3874
7855
2853
4459
854
5150
1798
2189
618
8259
6342
5085
4038
5487
4552
54
5715
8941
9710
6260
3170
8986
8433
1615
1326
5830
4531
5961
6769
4979
4488
5609
8623
2038
5401
9082
9344
4549
7643
7194
9752
8330
7178
5802
3739
9722
1796
5825
3934
6937
8132
3420
3480
7619
9593
4068
6253
7272
8707
5619
5775
5688
2725
1374
2668
3016
3719
6908
3767
9408
7082
7025
8145
364
5170
8035
1794
2406
9699
3116
2715
7935
3390
9693
1822
2377
1390
2682
3642
8717
7332
1723
3688
3370
7384
6908
7385
1602
5
7473
6909
2327
9847
330
3606
1420
9878
8055
6397
2276
1168
2065
3422
8245
143
2293
1747
8975
7129
2628
4091
495
6474
8477
3062
2503
1975
8356
5572
9897
4464
3762
8176
3
8930
3244
2723
8322
592
2561
1163
2351
6088
324
6438
6352
699
7615
4564
2472
2500
9307
769
5221
4693
9842
991
170
4325
2336
9603
4108
3829
6278
6357
1570
1052
1222
4649
2317
5473
5844
8579
8691
6534
2461
5474
8465
3269
8507
8484
6184
4645
7218
9376
4699
7386
2071
9434
6069
1397
3400
2202
2369
7106
3689
7865
6795
9366
7242
1307
3107
6464
5243
6569
9337
7085
6216
1601
2333
9184
1496
8254
153
4546
6665
7232
3812
817
1420
804
2271
3363
6214
4036
5389
2583
2696
9377
8821
8798
5298
3477
2453
2002
856
3939
9913
9312
8337
4501
460
9054
9987
8304
6608
1273
8050
2227
2625
6508
3842
9907
1850
6105
7845
6024
186
2352
971
5858
5064
571
7916
3357
2734
3963
6831
8767
8313
8595
6131
4128
3389
396
2344
4130
6631
6546
9565
2683
9129
2763
1327
6958
6161
4013
1034
5380
5199
7578
2711
2841
9107
4146
5070
8742
2627
3601
8224
2257
7340
8206
364
7044
1515
1153
3165
6761
4880
1622
8278
6402
6761
9901
5709
2088
4443
1955
7672
4721
1125
7365
2712
1345
2638
9460
2065
7585
9482
4588
836
2451
6680
9878
9008
4092
2565
1891
8930
6305
178
6636
4420
2718
1300
1327
5680
8061
9714
1662
9990
9091
5924
2899
3948
5876
9263
7878
3059
467
1499
7133
470
1873
4203
7677
3843
4391
6381
5566
850
5
5772
2673
8121
5560
7989
4674
2880
3439
656
6468
4002
5883
1620
7264
1815
9603
489
5839
326
7454
438
3534
2055
25
61
4941
2430
4248
8431
3759
9238
4104
4999
4745
8701
5788
3063
988
7544
8937
9080
2901
9398
5869
8424
552
6269
3461
2970
681
2781
989
5541
4057
9616
6269
7384
2081
4923
7312
7217
3659
1016
6509
7089
9447
3246
4900
1967
7823
4796
7596
722
1638
6765
3700
9922
7984
1146
726
2233
1936
2664
7116
3028
4814
804
4138
6033
6587
1408
1243
1486
1157
1333
7833
4376
13
7630
7372
5394
8627
2441
1509
3442
1327
2874
9015
3585
6511
2338
1525
3857
3161
6283
7042
1679
741
5982
3913
9375
6260
3727
8839
1059
2340
3084
9086
7911
1102
3737
6799
9415
1855
4902
1044
7411
3151
2595
6582
5885
8872
1208
7926
5581
2284
3406
6355
3374
2064
392
9718
1959
1453
1034
6245
1034
1920
8814
5009
4820
9363
780
7089
1497
6158
9968
1753
5848
7634
6360
4514
5377
2706
2195
1290
4956
4457
912
889
238
8171
4507
6820
606
4937
2331
1773
3988
9018
2457
9669
6584
4264
5018
4345
9527
5839
6339
4029
5367
357
2766
5856
5990
3641
6315
1283
6507
7838
6417
1308
6071
4604
613
2618
789
5636
5207
5922
3810
4654
4664
5840
4016
7768
2351
6266
1400
1253
4241
1386
6032
4515
1590
6538
867
1381
3773
8312
3018
2650
1179
7913
5001
766
4402
1617
1504
8803
5712
2381
7346
5766
9971
8381
392
740
2811
6760
8553
6035
7569
5664
2193
4994
5811
9536
2988
3150
7679
3685
6923
4162
956
118
3006
5442
2502
6958
7263
4887
8931
4138
1561
3185
7406
481
42
4337
2101
847
4990
2061
7066
3091
7906
627
3052
460
7663
1348
7859
3165
2910
8075
7946
4355
6746
4676
1421
1615
5157
1541
6852
8091
4749
6241
3536
1989
7184
8992
6321
8039
7787
5956
7796
9012
6931
844
5316
2991
1077
1853
4391
3458
29
9677
2899
3799
6912
543
1799
6875
70
2596
5079
2794
6539
8904
4262
2732
3826
3085
212
94
8570
5176
1365
2955
6214
7464
6150
6975
9933
3806
4991
6625
4020
369
7316
4879
9664
4838
4704
3760
5377
9311
7602
5718
2353
5479
992
1539
1800
7908
1122
2460
8752
4543
1113
8497
1972
4117
9274
5853
9851
9471
3083
4874
9108
9324
3762
1963
7694
2155
7399
3486
1641
2083
1327
1262
7464
7939
4824
6075
9415
5921
5806
7318
714
2964
9958
3467
5784
989
9637
9762
5719
2687
7797
1278
413
4965
9751
2778
1780
9062
6959
8998
7486
283
6861
2136
7204
3074
1716
1107
6879
8329
6234
2068
387
9724
1258
9473
6392
4324
1914
9131
9396
51
1991
8343
8468
6288
8774
6913
5537
4801
8894
2819
7138
5987
8165
8178
3346
6628
1597
3448
774
641
9513
2035
6743
7557
6671
1194
9010
4818
9053
2887
1782
8172
9198
9930
5258
1011
1925
911
9830
3848
7712
6087
1391
4177
6410
4874
5336
6357
7485
2609
1956
8816
7961
7942
4094
9531
6950
469
2148
4324
7425
1233
3859
450
6379
919
1197
2328
3854
6801
747
900
9136
3603
1526
7376
2705
9190
1620
5350
1296
3997
1349
6465
4601
1753
6782
7503
221
2867
4543
1108
9722
6201
7304
1764
812
7896
6703
477
2585
3317
3650
369
5567
9186
5611
5507
4597
1089
5749
225
4338
7793
3265
1403
7663
7688
236
131
4054
6940
1785
3248
962
4543
3751
2753
4787
258
3622
5823
7008
2547
1814
4922
4115
326
2799
5580
2787
9886
7830
8393
3235
6186
3724
4307
2733
8806
6146
4539
7995
4669
9953
9520
6109
3379
7568
6356
8700
7434
1743
9572
3119
7212
4168
8617
3411
481
4661
7915
3831
4066
8049
9928
6551
3733
113
2445
6624
4700
9302
5115
2264
291
2872
4946
7639
3856
1765
3826
8657
911
410
1002
1491
866
3147
6865
8797
9124
9994
4906
9809
9074
1803
4365
5475
9705
2717
5461
4551
775
4866
3859
3884
5103
2911
9776
2056
9712
6232
2461
375
8983
9402
2485
5016
7935
5555
3386
7133
5671
8246
9947
8371
208
8459
9273
3422
3469
2637
2148
4228
4254
7635
7944
1475
9163
4481
3707
7225
902
6826
1278
7585
804
2386
5016
4187
4700
4125
6022
5287
4490
7080
3419
2488
2772
5554
3881
8566
8729
2978
1300
4745
4437
6310
8936
9684
3166
2551
9833
6431
4542
9009
274
6553
5368
7316
8779
549
5625
1347
1742
5847
8382
8293
8550
8219
6400
7352
6879
6416
2189
2072
7883
4777
7567
7518
8629
1615
1983
3752
9606
8108
4761
3890
4629
6952
31
4059
8835
6148
3248
1540
4811
5170
8894
6555
8101
9131
1375
8896
9186
5080
5757
9938
8485
435
3008
8763
3760
5981
7489
4466
1477
4979
1905
9003
7310
3459
6308
571
9996
4275
62
3474
4275
2374
7691
3423
8128
4155
5915
9471
8247
9989
6393
9047
340
2773
9594
3499
1775
5954
9896
3030
5831
2753
8713
5225
5649
2662
2092
7378
4340
9575
624
3983
6529
3578
3841
4819
3811
294
8719
8381
93
4047
1455
6223
957
6118
1696
5332
3004
4527
2480
7394
244
1804
9103
5460
4408
5186
8347
5177
7878
487
8830
6976
9764
4441
9442
2834
4989
3280
5247
1165
7755
7093
7364
954
6471
7507
9886
6910
5174
3096
3065
5360
8385
7106
5782
6019
6321
2086
3446
712
813
5011
3510
7116
7224
3319
5677
2578
9412
8101
9037
5360
6465
6618
4490
1552
7510
9769
6462
7176
5284
4933
7498
6018
1086
3978
7452
7386
7336
5827
1231
8527
5233
7503
5521
5376
1516
7375
7107
8162
9076
3481
7536
8803
8060
5061
4122
3949
62
6669
3566
2633
8634
327
6995
7311
889
2433
2106
7122
519
9308
8776
4220
150
9298
6166
9266
4061
2233
9043
8662
6385
4739
2532
5978
7340
726
1296
7489
1165
8125
2820
5676
1954
1813
2608
1650
2456
8518
1716
8831
2094
1342
9473
2548
4366
9831
7389
6217
4019
4116
3061
2316
2564
7628
1090
6160
6935
983
5287
8380
2360
1606
2149
9809
7540
7056
9255
1416
1482
897
782
3843
9586
4731
1471
1037
5932
6846
4508
5785
6137
6046
9013
3697
5272
1107
5645
10000
8176
4560
4170
1779
1942
8411
3170
740
2250
7690
4982
4546
1364
6364
4339
3973
5296
179
8476
2751
6602
8389
4731
4339
9785
188
5018
8631
4010
5751
5097
9371
1395
288
4864
1799
9647
2639
1408
429
3249
2531
4516
2056
8901
4218
1695
3860
5533
6785
7633
2591
4689
370
3241
2841
2715
8265
3718
268
3547
4805
4533
8532
1679
670
3299
2215
6616
4747
1544
8495
1596
9720
8084
8833
6029
775
3562
2465
470
2388
2541
910
2268
1184
7710
2573
7192
2103
2614
6292
8968
5113
6948
3247
2239
6245
32
63
5873
3375
6364
3436
7889
4798
8895
8018
8783
8847
49
9417
3714
7234
7882
9015
4204
6392
4469
8977
3494
7088
2915
3354
2915
6027
7271
1091
295
6685
7916
880
5547
2831
7773
8552
7668
9864
9125
4495
8256
2030
2344
8585
4117
3867
5164
216
9699
3366
901
9308
6782
5145
6697
7562
1123
3541
6493
2184
443
9094
9863
3346
3760
5964
8413
8997
8916
9383
8329
4967
8843
2327
6184
6932
8735
8285
8485
1070
3931
9173
2535
5435
29
5334
4047
8143
8446
3006
8655
170
3668
2604
9322
6964
3293
2816
1866
8123
1399
1705
3178
1116
2594
4624
2530
7566
9939
4491
8336
3629
2399
8480
3374
3414
7856
7493
2454
2167
5615
6989
2723